observed_fraction,null_mean,null_sd,enrichment_delta,empirical_p_greater,empirical_p_less,n_permutations,radius,status,sample,sample_name,stage,source,target,quantile,radius_multiplier,n_spots,n_source_high,n_target_high,n_overlap_high,overlap_fraction_of_source,target_to_source_fraction,axis_id,axis_label,evidence_type,control_gene,is_target_gene
0.8422619047619048,0.38389285714285715,0.006916746065440519,0.4583690476190476,0.038461538461538464,1.0,25,395.32391781929914,ok,GSM9226190,P10_LUAD,LUAD,epithelial_progenitor_like,control_MIF,0.75,1.0,13441,3360,3360,2614,0.7779761904761905,0.8401785714285714,MIF,MIF single-gene control,source_near_epithelial_progenitor,MIF,True
0.76875,0.3824761904761904,0.007799530996665866,0.38627380952380963,0.038461538461538464,1.0,25,395.32391781929914,ok,GSM9226190,P10_LUAD,LUAD,epithelial_progenitor_like,control_PRKDC,0.75,1.0,13441,3360,3360,2270,0.6755952380952381,0.7547619047619047,PRKDC,PRKDC single-gene control,source_near_epithelial_progenitor,PRKDC,False
0.6267857142857143,0.3832738095238095,0.007082145258506428,0.24351190476190476,0.038461538461538464,1.0,25,395.32391781929914,ok,GSM9226190,P10_LUAD,LUAD,epithelial_progenitor_like,control_PHACTR2,0.75,1.0,13441,3360,3360,1668,0.49642857142857144,0.5848214285714286,PHACTR2,PHACTR2 single-gene control,source_near_epithelial_progenitor,PHACTR2,False
0.805952380952381,0.3822261904761905,0.0077058431964878915,0.4237261904761905,0.038461538461538464,1.0,25,395.32391781929914,ok,GSM9226190,P10_LUAD,LUAD,epithelial_progenitor_like,control_RMND5A,0.75,1.0,13441,3360,3360,2406,0.7160714285714286,0.7916666666666666,RMND5A,RMND5A single-gene control,source_near_epithelial_progenitor,RMND5A,False
0.7258928571428571,0.3785238095238095,0.008032811056967933,0.34736904761904763,0.038461538461538464,1.0,25,395.32391781929914,ok,GSM9226190,P10_LUAD,LUAD,epithelial_progenitor_like,control_CKB,0.75,1.0,13441,3360,3360,2130,0.6339285714285714,0.7065476190476191,CKB,CKB single-gene control,source_near_epithelial_progenitor,CKB,False
0.8217261904761904,0.3831547619047619,0.009378935933671865,0.43857142857142856,0.038461538461538464,1.0,25,395.32391781929914,ok,GSM9226190,P10_LUAD,LUAD,epithelial_progenitor_like,control_KIF13B,0.75,1.0,13441,3360,3360,2520,0.75,0.8166666666666667,KIF13B,KIF13B single-gene control,source_near_epithelial_progenitor,KIF13B,False
0.5961309523809524,0.3815595238095239,0.0071322465834076886,0.21457142857142847,0.038461538461538464,1.0,25,395.32391781929914,ok,GSM9226190,P10_LUAD,LUAD,epithelial_progenitor_like,control_NR2F2,0.75,1.0,13441,3360,3360,1579,0.4699404761904762,0.5511904761904762,NR2F2,NR2F2 single-gene control,source_near_epithelial_progenitor,NR2F2,False
0.3744047619047619,0.3795119047619048,0.009155386277137521,-0.005107142857142866,0.7692307692307693,0.34615384615384615,25,395.32391781929914,ok,GSM9226190,P10_LUAD,LUAD,epithelial_progenitor_like,control_LIFR,0.75,1.0,13441,3360,3360,895,0.2663690476190476,0.31875,LIFR,LIFR single-gene control,source_near_epithelial_progenitor,LIFR,False
0.5056547619047619,0.38211904761904764,0.005806063770896408,0.12353571428571425,0.038461538461538464,1.0,25,395.32391781929914,ok,GSM9226190,P10_LUAD,LUAD,epithelial_progenitor_like,control_CITED2,0.75,1.0,13441,3360,3360,1288,0.38333333333333336,0.4425595238095238,CITED2,CITED2 single-gene control,source_near_epithelial_progenitor,CITED2,False
0.7729166666666667,0.38273809523809527,0.009272477337736446,0.39017857142857143,0.038461538461538464,1.0,25,395.32391781929914,ok,GSM9226190,P10_LUAD,LUAD,epithelial_progenitor_like,control_DDX46,0.75,1.0,13441,3360,3360,2237,0.6657738095238095,0.7514880952380952,DDX46,DDX46 single-gene control,source_near_epithelial_progenitor,DDX46,False
0.7904761904761904,0.3805119047619048,0.00780605837987925,0.40996428571428567,0.038461538461538464,1.0,25,395.32391781929914,ok,GSM9226190,P10_LUAD,LUAD,epithelial_progenitor_like,control_PPM1A,0.75,1.0,13441,3360,3360,2299,0.6842261904761905,0.7598214285714285,PPM1A,PPM1A single-gene control,source_near_epithelial_progenitor,PPM1A,False
0.787797619047619,0.3786904761904763,0.0104039037458027,0.4091071428571427,0.038461538461538464,1.0,25,395.32391781929914,ok,GSM9226190,P10_LUAD,LUAD,epithelial_progenitor_like,control_UXT,0.75,1.0,13441,3360,3360,2346,0.6982142857142857,0.7744047619047619,UXT,UXT single-gene control,source_near_epithelial_progenitor,UXT,False
0.7699404761904762,0.38404761904761914,0.008259933979986854,0.3858928571428571,0.038461538461538464,1.0,25,395.32391781929914,ok,GSM9226190,P10_LUAD,LUAD,epithelial_progenitor_like,control_SETD3,0.75,1.0,13441,3360,3360,2225,0.6622023809523809,0.7422619047619048,SETD3,SETD3 single-gene control,source_near_epithelial_progenitor,SETD3,False
0.7770833333333333,0.38083333333333336,0.007678725235324345,0.39625,0.038461538461538464,1.0,25,395.32391781929914,ok,GSM9226190,P10_LUAD,LUAD,epithelial_progenitor_like,control_TRIM27,0.75,1.0,13441,3360,3360,2281,0.6788690476190476,0.7538690476190476,TRIM27,TRIM27 single-gene control,source_near_epithelial_progenitor,TRIM27,False
0.7407738095238096,0.3780952380952381,0.00789392095825884,0.36267857142857146,0.038461538461538464,1.0,25,395.32391781929914,ok,GSM9226190,P10_LUAD,LUAD,epithelial_progenitor_like,control_DERL1,0.75,1.0,13441,3360,3360,2121,0.63125,0.7113095238095238,DERL1,DERL1 single-gene control,source_near_epithelial_progenitor,DERL1,False
0.26607142857142857,0.3797976190476191,0.00776728697049917,-0.11372619047619054,1.0,0.038461538461538464,25,395.32391781929914,ok,GSM9226190,P10_LUAD,LUAD,epithelial_progenitor_like,control_MS4A7,0.75,1.0,13441,3360,3360,509,0.15148809523809523,0.23392857142857143,MS4A7,MS4A7 single-gene control,source_near_epithelial_progenitor,MS4A7,False
0.7610119047619047,0.3810595238095238,0.009240532247900545,0.37995238095238093,0.038461538461538464,1.0,25,395.32391781929914,ok,GSM9226190,P10_LUAD,LUAD,epithelial_progenitor_like,control_PHF10,0.75,1.0,13441,3360,3360,2246,0.6684523809523809,0.7476190476190476,PHF10,PHF10 single-gene control,source_near_epithelial_progenitor,PHF10,False
0.7770833333333333,0.3814642857142857,0.006564237568263947,0.39561904761904765,0.038461538461538464,1.0,25,395.32391781929914,ok,GSM9226190,P10_LUAD,LUAD,epithelial_progenitor_like,control_RAB1B,0.75,1.0,13441,3360,3360,2277,0.6776785714285715,0.7538690476190476,RAB1B,RAB1B single-gene control,source_near_epithelial_progenitor,RAB1B,False
0.8282738095238096,0.3805833333333334,0.009081966055117349,0.4476904761904762,0.038461538461538464,1.0,25,395.32391781929914,ok,GSM9226190,P10_LUAD,LUAD,epithelial_progenitor_like,control_PRDX1,0.75,1.0,13441,3360,3360,2538,0.7553571428571428,0.8232142857142857,PRDX1,PRDX1 single-gene control,source_near_epithelial_progenitor,PRDX1,False
0.8,0.37900000000000006,0.007359720486451907,0.421,0.038461538461538464,1.0,25,395.32391781929914,ok,GSM9226190,P10_LUAD,LUAD,epithelial_progenitor_like,control_SPRY2,0.75,1.0,13441,3360,3360,2449,0.7288690476190476,0.805952380952381,SPRY2,SPRY2 single-gene control,source_near_epithelial_progenitor,SPRY2,False
0.787797619047619,0.37955952380952385,0.006952617073072345,0.4082380952380952,0.038461538461538464,1.0,25,395.32391781929914,ok,GSM9226190,P10_LUAD,LUAD,epithelial_progenitor_like,control_BSG,0.75,1.0,13441,3360,3360,2328,0.6928571428571428,0.7642857142857142,BSG,BSG single-gene control,source_near_epithelial_progenitor,BSG,False
0.315927750410509,0.2638423645320197,0.006831738608444899,0.05208538587848932,0.038461538461538464,1.0,25,395.2176615486712,ok,GSM9226189,P10_MIA,MIA,epithelial_progenitor_like,control_MIF,0.75,1.0,12180,3045,1858,622,0.20426929392446633,0.4354144241119483,MIF,MIF single-gene control,source_near_epithelial_progenitor,MIF,True
0.42495894909688015,0.41267651888341544,0.010087057005938756,0.012282430213464701,0.19230769230769232,0.8461538461538461,25,395.2176615486712,ok,GSM9226189,P10_MIA,MIA,epithelial_progenitor_like,control_PRKDC,0.75,1.0,12180,3045,3045,911,0.2991789819376026,0.40164203612479477,PRKDC,PRKDC single-gene control,source_near_epithelial_progenitor,PRKDC,False
0.5139573070607554,0.40840722495894916,0.008681594741791039,0.10555008210180622,0.038461538461538464,1.0,25,395.2176615486712,ok,GSM9226189,P10_MIA,MIA,epithelial_progenitor_like,control_PHACTR2,0.75,1.0,12180,3045,3045,1085,0.3563218390804598,0.46798029556650245,PHACTR2,PHACTR2 single-gene control,source_near_epithelial_progenitor,PHACTR2,False
0.47389162561576353,0.4097077175697865,0.010244901872910576,0.06418390804597701,0.038461538461538464,1.0,25,395.2176615486712,ok,GSM9226189,P10_MIA,MIA,epithelial_progenitor_like,control_RMND5A,0.75,1.0,12180,3045,3045,987,0.32413793103448274,0.4318555008210181,RMND5A,RMND5A single-gene control,source_near_epithelial_progenitor,RMND5A,False
0.4794745484400657,0.4081313628899836,0.007510575827285066,0.07134318555008212,0.038461538461538464,1.0,25,395.2176615486712,ok,GSM9226189,P10_MIA,MIA,epithelial_progenitor_like,control_CKB,0.75,1.0,12180,3045,3045,1036,0.34022988505747126,0.4456486042692939,CKB,CKB single-gene control,source_near_epithelial_progenitor,CKB,False
0.4206896551724138,0.39541543513957306,0.007599322370312847,0.025274220032840744,0.038461538461538464,1.0,25,395.2176615486712,ok,GSM9226189,P10_MIA,MIA,epithelial_progenitor_like,control_KIF13B,0.75,1.0,12180,3045,2915,880,0.2889983579638752,0.40617495711835333,KIF13B,KIF13B single-gene control,source_near_epithelial_progenitor,KIF13B,False
0.4768472906403941,0.41049589490968796,0.008348307167418275,0.06635139573070614,0.038461538461538464,1.0,25,395.2176615486712,ok,GSM9226189,P10_MIA,MIA,epithelial_progenitor_like,control_NR2F2,0.75,1.0,12180,3045,3045,1009,0.33136288998357966,0.432183908045977,NR2F2,NR2F2 single-gene control,source_near_epithelial_progenitor,NR2F2,False
0.49786535303776686,0.4085385878489326,0.010885019365919265,0.08932676518883426,0.038461538461538464,1.0,25,395.2176615486712,ok,GSM9226189,P10_MIA,MIA,epithelial_progenitor_like,control_LIFR,0.75,1.0,12180,3045,3045,1033,0.3392446633825944,0.45320197044334976,LIFR,LIFR single-gene control,source_near_epithelial_progenitor,LIFR,False
0.49195402298850577,0.4098259441707717,0.009408890875731846,0.08212807881773404,0.038461538461538464,1.0,25,395.2176615486712,ok,GSM9226189,P10_MIA,MIA,epithelial_progenitor_like,control_CITED2,0.75,1.0,12180,3045,3045,1069,0.3510673234811166,0.451888341543514,CITED2,CITED2 single-gene control,source_near_epithelial_progenitor,CITED2,False
0.46995073891625616,0.4094712643678161,0.008333868528250394,0.06047947454844005,0.038461538461538464,1.0,25,395.2176615486712,ok,GSM9226189,P10_MIA,MIA,epithelial_progenitor_like,control_DDX46,0.75,1.0,12180,3045,3045,984,0.32315270935960594,0.42233169129720854,DDX46,DDX46 single-gene control,source_near_epithelial_progenitor,DDX46,False
0.46995073891625616,0.41004926108374384,0.008261470880173087,0.05990147783251232,0.038461538461538464,1.0,25,395.2176615486712,ok,GSM9226189,P10_MIA,MIA,epithelial_progenitor_like,control_PPM1A,0.75,1.0,12180,3045,3045,1019,0.33464696223316914,0.43316912972085386,PPM1A,PPM1A single-gene control,source_near_epithelial_progenitor,PPM1A,False
0.36091954022988504,0.3431592775041051,0.009562855241305035,0.017760262725779963,0.07692307692307693,0.9615384615384616,25,395.2176615486712,ok,GSM9226189,P10_MIA,MIA,epithelial_progenitor_like,control_UXT,0.75,1.0,12180,3045,2465,753,0.24729064039408866,0.40486815415821503,UXT,UXT single-gene control,source_near_epithelial_progenitor,UXT,False
0.49819376026272577,0.40948440065681446,0.006918229022545078,0.08870935960591131,0.038461538461538464,1.0,25,395.2176615486712,ok,GSM9226189,P10_MIA,MIA,epithelial_progenitor_like,control_SETD3,0.75,1.0,12180,3045,3045,1048,0.34417077175697863,0.4528735632183908,SETD3,SETD3 single-gene control,source_near_epithelial_progenitor,SETD3,False
0.43973727422003284,0.4094187192118227,0.007514428085886926,0.030318555008210124,0.038461538461538464,1.0,25,395.2176615486712,ok,GSM9226189,P10_MIA,MIA,epithelial_progenitor_like,control_TRIM27,0.75,1.0,12180,3045,3045,931,0.3057471264367816,0.4,TRIM27,TRIM27 single-gene control,source_near_epithelial_progenitor,TRIM27,False
0.432183908045977,0.4084072249589491,0.007844626016737317,0.023776683087027906,0.038461538461538464,1.0,25,395.2176615486712,ok,GSM9226189,P10_MIA,MIA,epithelial_progenitor_like,control_DERL1,0.75,1.0,12180,3045,3045,899,0.29523809523809524,0.3960591133004926,DERL1,DERL1 single-gene control,source_near_epithelial_progenitor,DERL1,False
0.4059113300492611,0.40826272577996714,0.009757195489056418,-0.0023513957307060296,0.6153846153846154,0.4230769230769231,25,395.2176615486712,ok,GSM9226189,P10_MIA,MIA,epithelial_progenitor_like,control_MS4A7,0.75,1.0,12180,3045,3045,823,0.2702791461412151,0.36551724137931035,MS4A7,MS4A7 single-gene control,source_near_epithelial_progenitor,MS4A7,False
0.47257799671592776,0.4088932676518883,0.008920513951717987,0.06368472906403944,0.038461538461538464,1.0,25,395.2176615486712,ok,GSM9226189,P10_MIA,MIA,epithelial_progenitor_like,control_PHF10,0.75,1.0,12180,3045,3045,1021,0.33530377668308703,0.4374384236453202,PHF10,PHF10 single-gene control,source_near_epithelial_progenitor,PHF10,False
0.477175697865353,0.407303776683087,0.008389010269833807,0.06987192118226604,0.038461538461538464,1.0,25,395.2176615486712,ok,GSM9226189,P10_MIA,MIA,epithelial_progenitor_like,control_RAB1B,0.75,1.0,12180,3045,3045,1033,0.3392446633825944,0.43908045977011495,RAB1B,RAB1B single-gene control,source_near_epithelial_progenitor,RAB1B,False
0.35467980295566504,0.3081247947454844,0.006976418715542601,0.04655500821018066,0.038461538461538464,1.0,25,395.2176615486712,ok,GSM9226189,P10_MIA,MIA,epithelial_progenitor_like,control_PRDX1,0.75,1.0,12180,3045,2210,729,0.23940886699507388,0.4312217194570136,PRDX1,PRDX1 single-gene control,source_near_epithelial_progenitor,PRDX1,False
0.42233169129720854,0.3912118226600985,0.010657341541442615,0.031119868637110026,0.038461538461538464,1.0,25,395.2176615486712,ok,GSM9226189,P10_MIA,MIA,epithelial_progenitor_like,control_SPRY2,0.75,1.0,12180,3045,2898,911,0.2991789819376026,0.4126984126984127,SPRY2,SPRY2 single-gene control,source_near_epithelial_progenitor,SPRY2,False
0.4555008210180624,0.4057931034482759,0.008587854165422293,0.04970771756978648,0.038461538461538464,1.0,25,395.2176615486712,ok,GSM9226189,P10_MIA,MIA,epithelial_progenitor_like,control_BSG,0.75,1.0,12180,3045,3045,960,0.31527093596059114,0.4154351395730706,BSG,BSG single-gene control,source_near_epithelial_progenitor,BSG,False
0.31734992679355783,0.18002928257686676,0.006042932032884502,0.13732064421669107,0.038461538461538464,1.0,25,395.42508772206145,ok,GSM9226191,P11_AAH,AAH,epithelial_progenitor_like,control_MIF,0.75,1.0,10928,2732,1294,630,0.23060029282576866,0.5494590417310664,MIF,MIF single-gene control,source_near_epithelial_progenitor,MIF,True
0.49487554904831627,0.3400146412884334,0.008943428631445411,0.15486090775988287,0.038461538461538464,1.0,25,395.42508772206145,ok,GSM9226191,P11_AAH,AAH,epithelial_progenitor_like,control_PRKDC,0.75,1.0,10928,2732,2604,1108,0.4055636896046852,0.4980798771121352,PRKDC,PRKDC single-gene control,source_near_epithelial_progenitor,PRKDC,False
0.4992679355783309,0.35919472913616396,0.009335448044361823,0.14007320644216692,0.038461538461538464,1.0,25,395.42508772206145,ok,GSM9226191,P11_AAH,AAH,epithelial_progenitor_like,control_PHACTR2,0.75,1.0,10928,2732,2732,1067,0.3905563689604685,0.4699853587115666,PHACTR2,PHACTR2 single-gene control,source_near_epithelial_progenitor,PHACTR2,False
0.5336749633967789,0.3613177159590044,0.008607154885011547,0.17235724743777447,0.038461538461538464,1.0,25,395.42508772206145,ok,GSM9226191,P11_AAH,AAH,epithelial_progenitor_like,control_RMND5A,0.75,1.0,10928,2732,2732,1152,0.4216691068814056,0.4886530014641288,RMND5A,RMND5A single-gene control,source_near_epithelial_progenitor,RMND5A,False
0.5497803806734992,0.35816983894582727,0.006847933452856019,0.19161054172767195,0.038461538461538464,1.0,25,395.42508772206145,ok,GSM9226191,P11_AAH,AAH,epithelial_progenitor_like,control_CKB,0.75,1.0,10928,2732,2732,1248,0.4568081991215227,0.5190336749633968,CKB,CKB single-gene control,source_near_epithelial_progenitor,CKB,False
0.465592972181552,0.29644216691068814,0.00843551387873717,0.16915080527086385,0.038461538461538464,1.0,25,395.42508772206145,ok,GSM9226191,P11_AAH,AAH,epithelial_progenitor_like,control_KIF13B,0.75,1.0,10928,2732,2243,1015,0.3715226939970717,0.5176103432902363,KIF13B,KIF13B single-gene control,source_near_epithelial_progenitor,KIF13B,False
0.4992679355783309,0.35742313323572467,0.0067807569967563526,0.1418448023426062,0.038461538461538464,1.0,25,395.42508772206145,ok,GSM9226191,P11_AAH,AAH,epithelial_progenitor_like,control_NR2F2,0.75,1.0,10928,2732,2732,1082,0.39604685212298685,0.465592972181552,NR2F2,NR2F2 single-gene control,source_near_epithelial_progenitor,NR2F2,False
0.4663250366032211,0.3602928257686676,0.013426748035730249,0.1060322108345535,0.038461538461538464,1.0,25,395.42508772206145,ok,GSM9226191,P11_AAH,AAH,epithelial_progenitor_like,control_LIFR,0.75,1.0,10928,2732,2732,994,0.36383601756954614,0.42569546120058566,LIFR,LIFR single-gene control,source_near_epithelial_progenitor,LIFR,False
0.5871156661786238,0.3566325036603222,0.00972440882079894,0.2304831625183016,0.038461538461538464,1.0,25,395.42508772206145,ok,GSM9226191,P11_AAH,AAH,epithelial_progenitor_like,control_CITED2,0.75,1.0,10928,2732,2732,1355,0.4959736456808199,0.572108345534407,CITED2,CITED2 single-gene control,source_near_epithelial_progenitor,CITED2,False
0.5223279648609077,0.35497803806735,0.010481567396249164,0.1673499267935577,0.038461538461538464,1.0,25,395.42508772206145,ok,GSM9226191,P11_AAH,AAH,epithelial_progenitor_like,control_DDX46,0.75,1.0,10928,2732,2732,1138,0.41654465592972184,0.4842606149341142,DDX46,DDX46 single-gene control,source_near_epithelial_progenitor,DDX46,False
0.5069546120058566,0.35765739385065876,0.0076847298192857265,0.1492972181551978,0.038461538461538464,1.0,25,395.42508772206145,ok,GSM9226191,P11_AAH,AAH,epithelial_progenitor_like,control_PPM1A,0.75,1.0,10928,2732,2732,1092,0.39970717423133234,0.4718155197657394,PPM1A,PPM1A single-gene control,source_near_epithelial_progenitor,PPM1A,False
0.49963396778916547,0.3433089311859444,0.00865217872994514,0.15632503660322106,0.038461538461538464,1.0,25,395.42508772206145,ok,GSM9226191,P11_AAH,AAH,epithelial_progenitor_like,control_UXT,0.75,1.0,10928,2732,2605,1110,0.4062957540263543,0.48483685220729367,UXT,UXT single-gene control,source_near_epithelial_progenitor,UXT,False
0.5347730600292826,0.3612591508052709,0.010683856786766222,0.17351390922401172,0.038461538461538464,1.0,25,395.42508772206145,ok,GSM9226191,P11_AAH,AAH,epithelial_progenitor_like,control_SETD3,0.75,1.0,10928,2732,2732,1162,0.4253294289897511,0.493411420204978,SETD3,SETD3 single-gene control,source_near_epithelial_progenitor,SETD3,False
0.5424597364568082,0.3594143484626647,0.008282309547429438,0.18304538799414355,0.038461538461538464,1.0,25,395.42508772206145,ok,GSM9226191,P11_AAH,AAH,epithelial_progenitor_like,control_TRIM27,0.75,1.0,10928,2732,2732,1200,0.43923865300146414,0.5065885797950219,TRIM27,TRIM27 single-gene control,source_near_epithelial_progenitor,TRIM27,False
0.513177159590044,0.3579209370424597,0.009575130252848427,0.15525622254758426,0.038461538461538464,1.0,25,395.42508772206145,ok,GSM9226191,P11_AAH,AAH,epithelial_progenitor_like,control_DERL1,0.75,1.0,10928,2732,2732,1128,0.4128843338213763,0.4857247437774524,DERL1,DERL1 single-gene control,source_near_epithelial_progenitor,DERL1,False
0.4586383601756955,0.35718887262079063,0.009896800730260624,0.10144948755490485,0.038461538461538464,1.0,25,395.42508772206145,ok,GSM9226191,P11_AAH,AAH,epithelial_progenitor_like,control_MS4A7,0.75,1.0,10928,2732,2732,982,0.3594436310395315,0.4253294289897511,MS4A7,MS4A7 single-gene control,source_near_epithelial_progenitor,MS4A7,False
0.49267935578330896,0.36105417276720353,0.010897273382833857,0.13162518301610543,0.038461538461538464,1.0,25,395.42508772206145,ok,GSM9226191,P11_AAH,AAH,epithelial_progenitor_like,control_PHF10,0.75,1.0,10928,2732,2717,1068,0.39092240117130306,0.45270518954729483,PHF10,PHF10 single-gene control,source_near_epithelial_progenitor,PHF10,False
0.5373352855051244,0.35710102489019035,0.008317338685775631,0.18023426061493408,0.038461538461538464,1.0,25,395.42508772206145,ok,GSM9226191,P11_AAH,AAH,epithelial_progenitor_like,control_RAB1B,0.75,1.0,10928,2732,2732,1175,0.43008784773060027,0.4985358711566618,RAB1B,RAB1B single-gene control,source_near_epithelial_progenitor,RAB1B,False
0.2232796486090776,0.1287554904831625,0.006272835297113616,0.09452415812591508,0.038461538461538464,1.0,25,395.42508772206145,ok,GSM9226191,P11_AAH,AAH,epithelial_progenitor_like,control_PRDX1,0.75,1.0,10928,2732,931,441,0.16142020497803808,0.5349087003222341,PRDX1,PRDX1 single-gene control,source_near_epithelial_progenitor,PRDX1,False
0.5040263543191801,0.3592679355783309,0.008986519418557744,0.14475841874084916,0.038461538461538464,1.0,25,395.42508772206145,ok,GSM9226191,P11_AAH,AAH,epithelial_progenitor_like,control_SPRY2,0.75,1.0,10928,2732,2732,1086,0.39751098096632503,0.4637628111273792,SPRY2,SPRY2 single-gene control,source_near_epithelial_progenitor,SPRY2,False
0.5347730600292826,0.36183016105417276,0.009267870043106197,0.17294289897510984,0.038461538461538464,1.0,25,395.42508772206145,ok,GSM9226191,P11_AAH,AAH,epithelial_progenitor_like,control_BSG,0.75,1.0,10928,2732,2732,1196,0.4377745241581259,0.5069546120058566,BSG,BSG single-gene control,source_near_epithelial_progenitor,BSG,False
0.595116988809766,0.4229365886741268,0.013600352337735232,0.17218040013563923,0.038461538461538464,1.0,25,395.5477215204254,ok,GSM9226192,P11_LUAD,LUAD,epithelial_progenitor_like,control_MIF,0.75,1.0,11794,2949,2502,1215,0.41200406917599186,0.5795363709032774,MIF,MIF single-gene control,source_near_epithelial_progenitor,MIF,True
0.6663275686673449,0.4795116988809766,0.01197049558748466,0.18681586978636827,0.038461538461538464,1.0,25,395.5477215204254,ok,GSM9226192,P11_LUAD,LUAD,epithelial_progenitor_like,control_PRKDC,0.75,1.0,11794,2949,2949,1416,0.4801627670396745,0.5720583248558834,PRKDC,PRKDC single-gene control,source_near_epithelial_progenitor,PRKDC,False
0.5808748728382502,0.4839742285520516,0.012219406325518552,0.09690064428619866,0.038461538461538464,1.0,25,395.5477215204254,ok,GSM9226192,P11_LUAD,LUAD,epithelial_progenitor_like,control_PHACTR2,0.75,1.0,11794,2949,2949,1076,0.3648694472702611,0.4604950830790098,PHACTR2,PHACTR2 single-gene control,source_near_epithelial_progenitor,PHACTR2,False
0.6466598847066802,0.48241437775517126,0.010538385326372208,0.16424550695150897,0.038461538461538464,1.0,25,395.5477215204254,ok,GSM9226192,P11_LUAD,LUAD,epithelial_progenitor_like,control_RMND5A,0.75,1.0,11794,2949,2949,1252,0.4245506951508986,0.5113597829772805,RMND5A,RMND5A single-gene control,source_near_epithelial_progenitor,RMND5A,False
0.7358426585283147,0.4810037300779926,0.011738587985450015,0.2548389284503221,0.038461538461538464,1.0,25,395.5477215204254,ok,GSM9226192,P11_LUAD,LUAD,epithelial_progenitor_like,control_CKB,0.75,1.0,11794,2949,2949,1585,0.5374703289250593,0.6408952187182095,CKB,CKB single-gene control,source_near_epithelial_progenitor,CKB,False
0.5785011868429977,0.4844082739911834,0.01103203456936873,0.09409291285181426,0.038461538461538464,1.0,25,395.5477215204254,ok,GSM9226192,P11_LUAD,LUAD,epithelial_progenitor_like,control_KIF13B,0.75,1.0,11794,2949,2949,1090,0.36961681926076634,0.4554086130891828,KIF13B,KIF13B single-gene control,source_near_epithelial_progenitor,KIF13B,False
0.5608680908782638,0.48111224143777553,0.011821914693011078,0.0797558494404883,0.038461538461538464,1.0,25,395.5477215204254,ok,GSM9226192,P11_LUAD,LUAD,epithelial_progenitor_like,control_NR2F2,0.75,1.0,11794,2949,2949,1037,0.35164462529671076,0.4323499491353001,NR2F2,NR2F2 single-gene control,source_near_epithelial_progenitor,NR2F2,False
0.5340793489318413,0.48808409630383176,0.010527013256049733,0.04599525262800952,0.038461538461538464,1.0,25,395.5477215204254,ok,GSM9226192,P11_LUAD,LUAD,epithelial_progenitor_like,control_LIFR,0.75,1.0,11794,2949,2949,988,0.3350288233299423,0.43981010512037977,LIFR,LIFR single-gene control,source_near_epithelial_progenitor,LIFR,False
0.6463207867073584,0.4802305866395388,0.010118633540998241,0.16609020006781955,0.038461538461538464,1.0,25,395.5477215204254,ok,GSM9226192,P11_LUAD,LUAD,epithelial_progenitor_like,control_CITED2,0.75,1.0,11794,2949,2949,1361,0.46151237707697523,0.5513733468972533,CITED2,CITED2 single-gene control,source_near_epithelial_progenitor,CITED2,False
0.6188538487622923,0.4823601220752798,0.010656043348930267,0.13649372668701254,0.038461538461538464,1.0,25,395.5477215204254,ok,GSM9226192,P11_LUAD,LUAD,epithelial_progenitor_like,control_DDX46,0.75,1.0,11794,2949,2949,1355,0.4594777890810444,0.5391658189216684,DDX46,DDX46 single-gene control,source_near_epithelial_progenitor,DDX46,False
0.6361478467277043,0.48202102407595787,0.008971753846119868,0.15412682265174643,0.038461538461538464,1.0,25,395.5477215204254,ok,GSM9226192,P11_LUAD,LUAD,epithelial_progenitor_like,control_PPM1A,0.75,1.0,11794,2949,2949,1317,0.44659206510681587,0.5334011529331977,PPM1A,PPM1A single-gene control,source_near_epithelial_progenitor,PPM1A,False
0.6293658867412683,0.4830247541539505,0.010020178529013385,0.14634113258731773,0.038461538461538464,1.0,25,395.5477215204254,ok,GSM9226192,P11_LUAD,LUAD,epithelial_progenitor_like,control_UXT,0.75,1.0,11794,2949,2949,1268,0.4299762631400475,0.5147507629704985,UXT,UXT single-gene control,source_near_epithelial_progenitor,UXT,False
0.643608002712784,0.48257714479484565,0.008898399300409277,0.1610308579179383,0.038461538461538464,1.0,25,395.5477215204254,ok,GSM9226192,P11_LUAD,LUAD,epithelial_progenitor_like,control_SETD3,0.75,1.0,11794,2949,2949,1307,0.44320108511359785,0.5344184469311631,SETD3,SETD3 single-gene control,source_near_epithelial_progenitor,SETD3,False
0.6269922007460156,0.48325534079348936,0.013434130937342782,0.14373685995252622,0.038461538461538464,1.0,25,395.5477215204254,ok,GSM9226192,P11_LUAD,LUAD,epithelial_progenitor_like,control_TRIM27,0.75,1.0,11794,2949,2949,1468,0.49779586300440826,0.5707019328585962,TRIM27,TRIM27 single-gene control,source_near_epithelial_progenitor,TRIM27,False
0.590030518819939,0.48295693455408617,0.007835585538537257,0.10707358426585278,0.038461538461538464,1.0,25,395.5477215204254,ok,GSM9226192,P11_LUAD,LUAD,epithelial_progenitor_like,control_DERL1,0.75,1.0,11794,2949,2949,1261,0.4276025771447948,0.508646998982706,DERL1,DERL1 single-gene control,source_near_epithelial_progenitor,DERL1,False
0.4872838250254323,0.48450322143099356,0.011222299588587933,0.0027806035944387686,0.2692307692307692,0.7692307692307693,25,395.5477215204254,ok,GSM9226192,P11_LUAD,LUAD,epithelial_progenitor_like,control_MS4A7,0.75,1.0,11794,2949,2949,898,0.30451000339098,0.37978975924042047,MS4A7,MS4A7 single-gene control,source_near_epithelial_progenitor,MS4A7,False
0.6320786707358427,0.48622583926754837,0.010542676229666282,0.1458528314682943,0.038461538461538464,1.0,25,395.5477215204254,ok,GSM9226192,P11_LUAD,LUAD,epithelial_progenitor_like,control_PHF10,0.75,1.0,11794,2949,2949,1267,0.4296371651407257,0.517124448965751,PHF10,PHF10 single-gene control,source_near_epithelial_progenitor,PHF10,False
0.6585283146829434,0.47995930824008143,0.00894869704633412,0.17856900644286194,0.038461538461538464,1.0,25,395.5477215204254,ok,GSM9226192,P11_LUAD,LUAD,epithelial_progenitor_like,control_RAB1B,0.75,1.0,11794,2949,2949,1397,0.4737199050525602,0.5679891488640217,RAB1B,RAB1B single-gene control,source_near_epithelial_progenitor,RAB1B,False
0.4340454391319091,0.3041302136317396,0.011625062177882266,0.12991522550016954,0.038461538461538464,1.0,25,395.5477215204254,ok,GSM9226192,P11_LUAD,LUAD,epithelial_progenitor_like,control_PRDX1,0.75,1.0,11794,2949,1711,752,0.2550016954899966,0.5289304500292227,PRDX1,PRDX1 single-gene control,source_near_epithelial_progenitor,PRDX1,False
0.6629365886741269,0.48067819599864364,0.011393104050198097,0.18225839267548322,0.038461538461538464,1.0,25,395.5477215204254,ok,GSM9226192,P11_LUAD,LUAD,epithelial_progenitor_like,control_SPRY2,0.75,1.0,11794,2949,2949,1363,0.46219057307561884,0.5561207188877586,SPRY2,SPRY2 single-gene control,source_near_epithelial_progenitor,SPRY2,False
0.6666666666666666,0.4826585283146829,0.00916186066913404,0.1840081383519837,0.038461538461538464,1.0,25,395.5477215204254,ok,GSM9226192,P11_LUAD,LUAD,epithelial_progenitor_like,control_BSG,0.75,1.0,11794,2949,2949,1521,0.5157680569684638,0.6005425567989149,BSG,BSG single-gene control,source_near_epithelial_progenitor,BSG,False
0.5925329900225298,0.35754103636948825,0.008398741854882567,0.23499195365304154,0.038461538461538464,1.0,25,395.5477215204254,ok,GSM9226193,P12_AIS,AIS,epithelial_progenitor_like,control_MIF,0.75,1.0,12427,3107,2466,1260,0.40553588670743485,0.6224655312246553,MIF,MIF single-gene control,source_near_epithelial_progenitor,MIF,True
0.6803990988091406,0.43515931766977795,0.010647349198648258,0.24523978113936268,0.038461538461538464,1.0,25,395.5477215204254,ok,GSM9226193,P12_AIS,AIS,epithelial_progenitor_like,control_PRKDC,0.75,1.0,12427,3107,3107,1524,0.4905053105889926,0.5970389443192791,PRKDC,PRKDC single-gene control,source_near_epithelial_progenitor,PRKDC,False
0.664306404892179,0.4329835854522047,0.010225519406979541,0.23132281943997424,0.038461538461538464,1.0,25,395.5477215204254,ok,GSM9226193,P12_AIS,AIS,epithelial_progenitor_like,control_PHACTR2,0.75,1.0,12427,3107,3107,1446,0.46540070807853234,0.5571290634052141,PHACTR2,PHACTR2 single-gene control,source_near_epithelial_progenitor,PHACTR2,False
0.6729964596073382,0.4320695204377213,0.009764999285243546,0.24092693916961694,0.038461538461538464,1.0,25,395.5477215204254,ok,GSM9226193,P12_AIS,AIS,epithelial_progenitor_like,control_RMND5A,0.75,1.0,12427,3107,3107,1491,0.47988413260379786,0.5774058577405857,RMND5A,RMND5A single-gene control,source_near_epithelial_progenitor,RMND5A,False
0.7666559382040553,0.4351979401351786,0.010207420395559203,0.3314579980688767,0.038461538461538464,1.0,25,395.5477215204254,ok,GSM9226193,P12_AIS,AIS,epithelial_progenitor_like,control_CKB,0.75,1.0,12427,3107,3107,1966,0.6327647248149341,0.7267460572899903,CKB,CKB single-gene control,source_near_epithelial_progenitor,CKB,False
0.5455423237850016,0.362059864821371,0.007970309104954486,0.18348245896363058,0.038461538461538464,1.0,25,395.5477215204254,ok,GSM9226193,P12_AIS,AIS,epithelial_progenitor_like,control_KIF13B,0.75,1.0,12427,3107,2512,1125,0.36208561313163823,0.5429936305732485,KIF13B,KIF13B single-gene control,source_near_epithelial_progenitor,KIF13B,False
0.6269713550048278,0.4370646926295462,0.009291344149176267,0.1899066623752816,0.038461538461538464,1.0,25,395.5477215204254,ok,GSM9226193,P12_AIS,AIS,epithelial_progenitor_like,control_NR2F2,0.75,1.0,12427,3107,3107,1367,0.43997425168973286,0.5339555841647892,NR2F2,NR2F2 single-gene control,source_near_epithelial_progenitor,NR2F2,False
0.5931766977792082,0.43573865465078854,0.008161222673132379,0.1574380431284197,0.038461538461538464,1.0,25,395.5477215204254,ok,GSM9226193,P12_AIS,AIS,epithelial_progenitor_like,control_LIFR,0.75,1.0,12427,3107,3107,1291,0.4155133569359511,0.503379465722562,LIFR,LIFR single-gene control,source_near_epithelial_progenitor,LIFR,False
0.6913421306726746,0.4350563244287094,0.008545063885448968,0.2562858062439652,0.038461538461538464,1.0,25,395.5477215204254,ok,GSM9226193,P12_AIS,AIS,epithelial_progenitor_like,control_CITED2,0.75,1.0,12427,3107,3107,1631,0.5249436755712906,0.6301898937882201,CITED2,CITED2 single-gene control,source_near_epithelial_progenitor,CITED2,False
0.6926295461860316,0.43550691985838424,0.00976908262215232,0.2571226263276473,0.038461538461538464,1.0,25,395.5477215204254,ok,GSM9226193,P12_AIS,AIS,epithelial_progenitor_like,control_DDX46,0.75,1.0,12427,3107,3107,1590,0.5117476665593821,0.6105568072095269,DDX46,DDX46 single-gene control,source_near_epithelial_progenitor,DDX46,False
0.6813646604441583,0.4321982619890569,0.009873397787808318,0.2491663984551014,0.038461538461538464,1.0,25,395.5477215204254,ok,GSM9226193,P12_AIS,AIS,epithelial_progenitor_like,control_PPM1A,0.75,1.0,12427,3107,3107,1562,0.5027357579658834,0.6018667524943676,PPM1A,PPM1A single-gene control,source_near_epithelial_progenitor,PPM1A,False
0.6897328612809784,0.4328677180560026,0.012521977351703566,0.25686514322497583,0.038461538461538464,1.0,25,395.5477215204254,ok,GSM9226193,P12_AIS,AIS,epithelial_progenitor_like,control_UXT,0.75,1.0,12427,3107,3107,1568,0.5046668812359189,0.6028323141293852,UXT,UXT single-gene control,source_near_epithelial_progenitor,UXT,False
0.6739620212423559,0.4363437399420663,0.011739404207290905,0.2376182813002896,0.038461538461538464,1.0,25,395.5477215204254,ok,GSM9226193,P12_AIS,AIS,epithelial_progenitor_like,control_SETD3,0.75,1.0,12427,3107,3107,1498,0.4821371097521725,0.5783714193756034,SETD3,SETD3 single-gene control,source_near_epithelial_progenitor,SETD3,False
0.6807209526874799,0.4320566462825877,0.008913183235033862,0.24866430640489218,0.038461538461538464,1.0,25,395.5477215204254,ok,GSM9226193,P12_AIS,AIS,epithelial_progenitor_like,control_TRIM27,0.75,1.0,12427,3107,3107,1538,0.4950112648857419,0.5893144512391374,TRIM27,TRIM27 single-gene control,source_near_epithelial_progenitor,TRIM27,False
0.708400386224654,0.43245574509172835,0.010427552401206908,0.2759446411329256,0.038461538461538464,1.0,25,395.5477215204254,ok,GSM9226193,P12_AIS,AIS,epithelial_progenitor_like,control_DERL1,0.75,1.0,12427,3107,3106,1722,0.5542323785001609,0.657437218287186,DERL1,DERL1 single-gene control,source_near_epithelial_progenitor,DERL1,False
0.4969423881557773,0.43542967492758294,0.009209615007193996,0.06151271322819435,0.038461538461538464,1.0,25,395.5477215204254,ok,GSM9226193,P12_AIS,AIS,epithelial_progenitor_like,control_MS4A7,0.75,1.0,12427,3107,3107,1011,0.3253942710009656,0.437399420663019,MS4A7,MS4A7 single-gene control,source_near_epithelial_progenitor,MS4A7,False
0.6868361763759253,0.43527518506598,0.007421273942933704,0.2515609913099453,0.038461538461538464,1.0,25,395.5477215204254,ok,GSM9226193,P12_AIS,AIS,epithelial_progenitor_like,control_PHF10,0.75,1.0,12427,3107,3107,1521,0.4895397489539749,0.5838429353073704,PHF10,PHF10 single-gene control,source_near_epithelial_progenitor,PHF10,False
0.6610878661087866,0.4343611200514966,0.009660121253574797,0.22672674605728999,0.038461538461538464,1.0,25,395.5477215204254,ok,GSM9226193,P12_AIS,AIS,epithelial_progenitor_like,control_RAB1B,0.75,1.0,12427,3107,3107,1463,0.4708722240102993,0.5629224332153202,RAB1B,RAB1B single-gene control,source_near_epithelial_progenitor,RAB1B,False
0.48696491792726104,0.2964016736401674,0.008842648543312941,0.19056324428709365,0.038461538461538464,1.0,25,395.5477215204254,ok,GSM9226193,P12_AIS,AIS,epithelial_progenitor_like,control_PRDX1,0.75,1.0,12427,3107,2013,969,0.3118764081107177,0.587183308494784,PRDX1,PRDX1 single-gene control,source_near_epithelial_progenitor,PRDX1,False
0.6807209526874799,0.4353524299967815,0.010642645725394315,0.24536852269069842,0.038461538461538464,1.0,25,395.5477215204254,ok,GSM9226193,P12_AIS,AIS,epithelial_progenitor_like,control_SPRY2,0.75,1.0,12427,3107,3107,1571,0.5056324428709366,0.6034760218860638,SPRY2,SPRY2 single-gene control,source_near_epithelial_progenitor,SPRY2,False
0.7006758931445124,0.4345027357579659,0.011006351701612856,0.2661731573865465,0.038461538461538464,1.0,25,395.5477215204254,ok,GSM9226193,P12_AIS,AIS,epithelial_progenitor_like,control_BSG,0.75,1.0,12427,3107,3107,1636,0.5265529449629868,0.6266495011264885,BSG,BSG single-gene control,source_near_epithelial_progenitor,BSG,False
0.6419300225733634,0.3747629796839729,0.01102489864150645,0.2671670428893905,0.038461538461538464,1.0,25,395.8307719215372,ok,GSM9226194,P12_LUAD,LUAD,epithelial_progenitor_like,control_MIF,0.75,1.0,14177,3544,3405,1774,0.5005643340857788,0.5832599118942732,MIF,MIF single-gene control,source_near_epithelial_progenitor,MIF,True
0.6255643340857788,0.3865237020316027,0.007447054177660242,0.23904063205417614,0.038461538461538464,1.0,25,395.8307719215372,ok,GSM9226194,P12_LUAD,LUAD,epithelial_progenitor_like,control_PRKDC,0.75,1.0,14177,3544,3544,1726,0.48702031602708806,0.539785553047404,PRKDC,PRKDC single-gene control,source_near_epithelial_progenitor,PRKDC,False
0.6202031602708804,0.38303611738148985,0.009244692643286437,0.23716704288939056,0.038461538461538464,1.0,25,395.8307719215372,ok,GSM9226194,P12_LUAD,LUAD,epithelial_progenitor_like,control_PHACTR2,0.75,1.0,14177,3544,3544,1725,0.48673814898419865,0.5307562076749436,PHACTR2,PHACTR2 single-gene control,source_near_epithelial_progenitor,PHACTR2,False
0.5883182844243793,0.3818961625282167,0.00871262806870278,0.2064221218961626,0.038461538461538464,1.0,25,395.8307719215372,ok,GSM9226194,P12_LUAD,LUAD,epithelial_progenitor_like,control_RMND5A,0.75,1.0,14177,3544,3544,1610,0.45428893905191875,0.5062076749435666,RMND5A,RMND5A single-gene control,source_near_epithelial_progenitor,RMND5A,False
0.6196388261851016,0.38720090293453724,0.007595955661597492,0.23243792325056434,0.038461538461538464,1.0,25,395.8307719215372,ok,GSM9226194,P12_LUAD,LUAD,epithelial_progenitor_like,control_CKB,0.75,1.0,14177,3544,3544,1854,0.5231376975169301,0.582392776523702,CKB,CKB single-gene control,source_near_epithelial_progenitor,CKB,False
0.6323363431151241,0.3854740406320542,0.00655611951512297,0.2468623024830699,0.038461538461538464,1.0,25,395.8307719215372,ok,GSM9226194,P12_LUAD,LUAD,epithelial_progenitor_like,control_KIF13B,0.75,1.0,14177,3544,3544,1768,0.49887133182844245,0.5510722347629797,KIF13B,KIF13B single-gene control,source_near_epithelial_progenitor,KIF13B,False
0.5471218961625283,0.3866478555304741,0.008969450757115255,0.16047404063205417,0.038461538461538464,1.0,25,395.8307719215372,ok,GSM9226194,P12_LUAD,LUAD,epithelial_progenitor_like,control_NR2F2,0.75,1.0,14177,3544,3544,1442,0.4068848758465011,0.458803611738149,NR2F2,NR2F2 single-gene control,source_near_epithelial_progenitor,NR2F2,False
0.5160835214446953,0.38616252821670427,0.009824682040365407,0.129920993227991,0.038461538461538464,1.0,25,395.8307719215372,ok,GSM9226194,P12_LUAD,LUAD,epithelial_progenitor_like,control_LIFR,0.75,1.0,14177,3544,3544,1478,0.4170428893905192,0.46275395033860045,LIFR,LIFR single-gene control,source_near_epithelial_progenitor,LIFR,False
0.7308126410835214,0.38674943566591424,0.008711790354812104,0.34406320541760715,0.038461538461538464,1.0,25,395.8307719215372,ok,GSM9226194,P12_LUAD,LUAD,epithelial_progenitor_like,control_CITED2,0.75,1.0,14177,3544,3544,2286,0.6450338600451467,0.7017494356659142,CITED2,CITED2 single-gene control,source_near_epithelial_progenitor,CITED2,False
0.613431151241535,0.3880812641083522,0.008475930379303389,0.22534988713318282,0.038461538461538464,1.0,25,395.8307719215372,ok,GSM9226194,P12_LUAD,LUAD,epithelial_progenitor_like,control_DDX46,0.75,1.0,14177,3544,3544,1720,0.4853273137697517,0.5341422121896162,DDX46,DDX46 single-gene control,source_near_epithelial_progenitor,DDX46,False
0.6309255079006773,0.3892889390519187,0.009216213771939498,0.24163656884875856,0.038461538461538464,1.0,25,395.8307719215372,ok,GSM9226194,P12_LUAD,LUAD,epithelial_progenitor_like,control_PPM1A,0.75,1.0,14177,3544,3544,1769,0.4991534988713318,0.5502257336343115,PPM1A,PPM1A single-gene control,source_near_epithelial_progenitor,PPM1A,False
0.6441873589164786,0.38909706546275397,0.007427338379751602,0.25509029345372464,0.038461538461538464,1.0,25,395.8307719215372,ok,GSM9226194,P12_LUAD,LUAD,epithelial_progenitor_like,control_UXT,0.75,1.0,14177,3544,3544,1831,0.516647855530474,0.5727990970654627,UXT,UXT single-gene control,source_near_epithelial_progenitor,UXT,False
0.631489841986456,0.3871896162528216,0.008266739950736898,0.24430022573363436,0.038461538461538464,1.0,25,395.8307719215372,ok,GSM9226194,P12_LUAD,LUAD,epithelial_progenitor_like,control_SETD3,0.75,1.0,14177,3544,3544,1785,0.503668171557562,0.5561512415349887,SETD3,SETD3 single-gene control,source_near_epithelial_progenitor,SETD3,False
0.664785553047404,0.38760722347629795,0.009744545307944406,0.2771783295711061,0.038461538461538464,1.0,25,395.8307719215372,ok,GSM9226194,P12_LUAD,LUAD,epithelial_progenitor_like,control_TRIM27,0.75,1.0,14177,3544,3544,1900,0.536117381489842,0.590293453724605,TRIM27,TRIM27 single-gene control,source_near_epithelial_progenitor,TRIM27,False
0.6170993227990971,0.38870203160270883,0.010075075784004245,0.22839729119638824,0.038461538461538464,1.0,25,395.8307719215372,ok,GSM9226194,P12_LUAD,LUAD,epithelial_progenitor_like,control_DERL1,0.75,1.0,14177,3544,3544,1753,0.4946388261851016,0.539785553047404,DERL1,DERL1 single-gene control,source_near_epithelial_progenitor,DERL1,False
0.45400677200902934,0.38813769751693,0.009695521281739772,0.06586907449209933,0.038461538461538464,1.0,25,395.8307719215372,ok,GSM9226194,P12_LUAD,LUAD,epithelial_progenitor_like,control_MS4A7,0.75,1.0,14177,3544,3544,1175,0.33154627539503384,0.4018058690744921,MS4A7,MS4A7 single-gene control,source_near_epithelial_progenitor,MS4A7,False
0.6080699774266366,0.38809255079006766,0.009223453232890042,0.21997742663656894,0.038461538461538464,1.0,25,395.8307719215372,ok,GSM9226194,P12_LUAD,LUAD,epithelial_progenitor_like,control_PHF10,0.75,1.0,14177,3544,3544,1671,0.47150112866817157,0.5239841986455982,PHF10,PHF10 single-gene control,source_near_epithelial_progenitor,PHF10,False
0.6760722347629797,0.3870654627539503,0.007971855684831882,0.2890067720090294,0.038461538461538464,1.0,25,395.8307719215372,ok,GSM9226194,P12_LUAD,LUAD,epithelial_progenitor_like,control_RAB1B,0.75,1.0,14177,3544,3544,1954,0.551354401805869,0.6001693002257337,RAB1B,RAB1B single-gene control,source_near_epithelial_progenitor,RAB1B,False
0.6108916478555305,0.34881489841986457,0.007546320045325243,0.26207674943566595,0.038461538461538464,1.0,25,395.8307719215372,ok,GSM9226194,P12_LUAD,LUAD,epithelial_progenitor_like,control_PRDX1,0.75,1.0,14177,3544,3111,1675,0.4726297968397291,0.5994856959177114,PRDX1,PRDX1 single-gene control,source_near_epithelial_progenitor,PRDX1,False
0.6196388261851016,0.38486455981941314,0.008225495987998667,0.23477426636568843,0.038461538461538464,1.0,25,395.8307719215372,ok,GSM9226194,P12_LUAD,LUAD,epithelial_progenitor_like,control_SPRY2,0.75,1.0,14177,3544,3544,1731,0.48843115124153497,0.5488148984198645,SPRY2,SPRY2 single-gene control,source_near_epithelial_progenitor,SPRY2,False
0.6653498871331829,0.38396162528216715,0.008476086935380888,0.28138826185101573,0.038461538461538464,1.0,25,395.8307719215372,ok,GSM9226194,P12_LUAD,LUAD,epithelial_progenitor_like,control_BSG,0.75,1.0,14177,3544,3544,1910,0.5389390519187359,0.5911399548532731,BSG,BSG single-gene control,source_near_epithelial_progenitor,BSG,False
0.6172131147540983,0.5549508196721311,0.01923536077601518,0.062262295081967234,0.038461538461538464,1.0,25,396.547601177967,ok,GSM9226196,P13_LUAD,LUAD,epithelial_progenitor_like,control_MIF,0.75,1.0,4880,1220,1220,417,0.3418032786885246,0.4418032786885246,MIF,MIF single-gene control,source_near_epithelial_progenitor,MIF,True
0.6008196721311475,0.5477704918032787,0.018740042594737254,0.05304918032786876,0.038461538461538464,1.0,25,396.547601177967,ok,GSM9226196,P13_LUAD,LUAD,epithelial_progenitor_like,control_PRKDC,0.75,1.0,4880,1220,1220,462,0.37868852459016394,0.48688524590163934,PRKDC,PRKDC single-gene control,source_near_epithelial_progenitor,PRKDC,False
0.6336065573770492,0.5515081967213115,0.01808035207228995,0.08209836065573772,0.038461538461538464,1.0,25,396.547601177967,ok,GSM9226196,P13_LUAD,LUAD,epithelial_progenitor_like,control_PHACTR2,0.75,1.0,4880,1220,1220,442,0.3622950819672131,0.4745901639344262,PHACTR2,PHACTR2 single-gene control,source_near_epithelial_progenitor,PHACTR2,False
0.6196721311475409,0.5458032786885246,0.017874240928148613,0.07386885245901631,0.038461538461538464,1.0,25,396.547601177967,ok,GSM9226196,P13_LUAD,LUAD,epithelial_progenitor_like,control_RMND5A,0.75,1.0,4880,1220,1220,426,0.34918032786885245,0.46311475409836067,RMND5A,RMND5A single-gene control,source_near_epithelial_progenitor,RMND5A,False
0.7213114754098361,0.5554098360655737,0.020486338069022402,0.16590163934426239,0.038461538461538464,1.0,25,396.547601177967,ok,GSM9226196,P13_LUAD,LUAD,epithelial_progenitor_like,control_CKB,0.75,1.0,4880,1220,1220,588,0.4819672131147541,0.5959016393442623,CKB,CKB single-gene control,source_near_epithelial_progenitor,CKB,False
0.5598360655737705,0.5505901639344262,0.0170686101979453,0.009245901639344356,0.3076923076923077,0.7307692307692307,25,396.547601177967,ok,GSM9226196,P13_LUAD,LUAD,epithelial_progenitor_like,control_KIF13B,0.75,1.0,4880,1220,1220,337,0.2762295081967213,0.38688524590163936,KIF13B,KIF13B single-gene control,source_near_epithelial_progenitor,KIF13B,False
0.3155737704918033,0.5555409836065572,0.016688398444991166,-0.23996721311475394,1.0,0.038461538461538464,25,396.547601177967,ok,GSM9226196,P13_LUAD,LUAD,epithelial_progenitor_like,control_NR2F2,0.75,1.0,4880,1220,1220,186,0.15245901639344261,0.22540983606557377,NR2F2,NR2F2 single-gene control,source_near_epithelial_progenitor,NR2F2,False
0.5008196721311475,0.5470819672131148,0.015709931093538236,-0.04626229508196722,1.0,0.038461538461538464,25,396.547601177967,ok,GSM9226196,P13_LUAD,LUAD,epithelial_progenitor_like,control_LIFR,0.75,1.0,4880,1220,1220,355,0.29098360655737704,0.3762295081967213,LIFR,LIFR single-gene control,source_near_epithelial_progenitor,LIFR,False
0.669672131147541,0.5466229508196722,0.01909343495193852,0.12304918032786882,0.038461538461538464,1.0,25,396.547601177967,ok,GSM9226196,P13_LUAD,LUAD,epithelial_progenitor_like,control_CITED2,0.75,1.0,4880,1220,1220,535,0.4385245901639344,0.5483606557377049,CITED2,CITED2 single-gene control,source_near_epithelial_progenitor,CITED2,False
0.5754098360655737,0.5551475409836065,0.012954796373613449,0.020262295081967197,0.11538461538461539,0.9615384615384616,25,396.547601177967,ok,GSM9226196,P13_LUAD,LUAD,epithelial_progenitor_like,control_DDX46,0.75,1.0,4880,1220,1220,395,0.3237704918032787,0.44672131147540983,DDX46,DDX46 single-gene control,source_near_epithelial_progenitor,DDX46,False
0.6237704918032787,0.551672131147541,0.0150014929532643,0.07209836065573771,0.038461538461538464,1.0,25,396.547601177967,ok,GSM9226196,P13_LUAD,LUAD,epithelial_progenitor_like,control_PPM1A,0.75,1.0,4880,1220,1220,461,0.3778688524590164,0.489344262295082,PPM1A,PPM1A single-gene control,source_near_epithelial_progenitor,PPM1A,False
0.5680327868852459,0.5509508196721311,0.018046256767537593,0.017081967213114835,0.19230769230769232,0.8846153846153846,25,396.547601177967,ok,GSM9226196,P13_LUAD,LUAD,epithelial_progenitor_like,control_UXT,0.75,1.0,4880,1220,1220,377,0.30901639344262294,0.42950819672131146,UXT,UXT single-gene control,source_near_epithelial_progenitor,UXT,False
0.5827868852459016,0.5483934426229508,0.018879880271462725,0.034393442622950854,0.038461538461538464,1.0,25,396.547601177967,ok,GSM9226196,P13_LUAD,LUAD,epithelial_progenitor_like,control_SETD3,0.75,1.0,4880,1220,1220,405,0.3319672131147541,0.43934426229508194,SETD3,SETD3 single-gene control,source_near_epithelial_progenitor,SETD3,False
0.5491803278688525,0.5455409836065575,0.01638333021437871,0.0036393442622950634,0.4230769230769231,0.6538461538461539,25,396.547601177967,ok,GSM9226196,P13_LUAD,LUAD,epithelial_progenitor_like,control_TRIM27,0.75,1.0,4880,1220,1220,417,0.3418032786885246,0.4311475409836066,TRIM27,TRIM27 single-gene control,source_near_epithelial_progenitor,TRIM27,False
0.5393442622950819,0.5458032786885246,0.019216198767757556,-0.006459016393442707,0.6153846153846154,0.46153846153846156,25,396.547601177967,ok,GSM9226196,P13_LUAD,LUAD,epithelial_progenitor_like,control_DERL1,0.75,1.0,4880,1220,1220,390,0.319672131147541,0.42213114754098363,DERL1,DERL1 single-gene control,source_near_epithelial_progenitor,DERL1,False
0.3942622950819672,0.549672131147541,0.018247295936985135,-0.1554098360655738,1.0,0.038461538461538464,25,396.547601177967,ok,GSM9226196,P13_LUAD,LUAD,epithelial_progenitor_like,control_MS4A7,0.75,1.0,4880,1220,1220,243,0.19918032786885245,0.3114754098360656,MS4A7,MS4A7 single-gene control,source_near_epithelial_progenitor,MS4A7,False
0.5573770491803278,0.5463278688524591,0.011293741543311496,0.011049180327868724,0.19230769230769232,0.8461538461538461,25,396.547601177967,ok,GSM9226196,P13_LUAD,LUAD,epithelial_progenitor_like,control_PHF10,0.75,1.0,4880,1220,1220,376,0.3081967213114754,0.41147540983606556,PHF10,PHF10 single-gene control,source_near_epithelial_progenitor,PHF10,False
0.590983606557377,0.5475409836065573,0.018864334582305863,0.04344262295081969,0.038461538461538464,1.0,25,396.547601177967,ok,GSM9226196,P13_LUAD,LUAD,epithelial_progenitor_like,control_RAB1B,0.75,1.0,4880,1220,1220,431,0.35327868852459016,0.45491803278688525,RAB1B,RAB1B single-gene control,source_near_epithelial_progenitor,RAB1B,False
0.5221311475409836,0.4649508196721311,0.016913340731144984,0.057180327868852465,0.038461538461538464,1.0,25,396.547601177967,ok,GSM9226196,P13_LUAD,LUAD,epithelial_progenitor_like,control_PRDX1,0.75,1.0,4880,1220,984,324,0.26557377049180325,0.4532520325203252,PRDX1,PRDX1 single-gene control,source_near_epithelial_progenitor,PRDX1,False
0.6024590163934426,0.545967213114754,0.018500092607829113,0.056491803278688524,0.038461538461538464,1.0,25,396.547601177967,ok,GSM9226196,P13_LUAD,LUAD,epithelial_progenitor_like,control_SPRY2,0.75,1.0,4880,1220,1220,400,0.32786885245901637,0.42540983606557375,SPRY2,SPRY2 single-gene control,source_near_epithelial_progenitor,SPRY2,False
0.6122950819672132,0.552983606557377,0.01996295727523811,0.05931147540983617,0.038461538461538464,1.0,25,396.547601177967,ok,GSM9226196,P13_LUAD,LUAD,epithelial_progenitor_like,control_BSG,0.75,1.0,4880,1220,1220,434,0.3557377049180328,0.46967213114754097,BSG,BSG single-gene control,source_near_epithelial_progenitor,BSG,False
0.5177946324387398,0.3704784130688449,0.007980070571895889,0.14731621936989492,0.038461538461538464,1.0,25,396.16410741004796,ok,GSM9226195,P13_MIA,MIA,epithelial_progenitor_like,control_MIF,0.75,1.0,13713,3428,2492,1169,0.3410151691948658,0.5662118780096308,MIF,MIF single-gene control,source_near_epithelial_progenitor,MIF,True
0.6309801633605601,0.48261376896149366,0.009454905992206447,0.1483663943990664,0.038461538461538464,1.0,25,396.16410741004796,ok,GSM9226195,P13_MIA,MIA,epithelial_progenitor_like,control_PRKDC,0.75,1.0,13713,3428,3428,1521,0.4436989498249708,0.5478413068844807,PRKDC,PRKDC single-gene control,source_near_epithelial_progenitor,PRKDC,False
0.5816802800466745,0.4832438739789965,0.008088232639551007,0.098436406067678,0.038461538461538464,1.0,25,396.16410741004796,ok,GSM9226195,P13_MIA,MIA,epithelial_progenitor_like,control_PHACTR2,0.75,1.0,13713,3428,3428,1354,0.39498249708284716,0.5055425904317387,PHACTR2,PHACTR2 single-gene control,source_near_epithelial_progenitor,PHACTR2,False
0.6397316219369895,0.4824737456242707,0.008927917610330483,0.15725787631271881,0.038461538461538464,1.0,25,396.16410741004796,ok,GSM9226195,P13_MIA,MIA,epithelial_progenitor_like,control_RMND5A,0.75,1.0,13713,3428,3428,1515,0.4419486581096849,0.5551341890315052,RMND5A,RMND5A single-gene control,source_near_epithelial_progenitor,RMND5A,False
0.6193115519253208,0.479953325554259,0.008980425582088681,0.13935822637106182,0.038461538461538464,1.0,25,396.16410741004796,ok,GSM9226195,P13_MIA,MIA,epithelial_progenitor_like,control_CKB,0.75,1.0,13713,3428,3428,1612,0.47024504084014,0.5828471411901983,CKB,CKB single-gene control,source_near_epithelial_progenitor,CKB,False
0.6213535589264878,0.4797432905484247,0.010421110944421068,0.14161026837806312,0.038461538461538464,1.0,25,396.16410741004796,ok,GSM9226195,P13_MIA,MIA,epithelial_progenitor_like,control_KIF13B,0.75,1.0,13713,3428,3428,1408,0.41073512252042005,0.5274212368728122,KIF13B,KIF13B single-gene control,source_near_epithelial_progenitor,KIF13B,False
0.5577596266044341,0.480291715285881,0.01109639599305877,0.07746791131855313,0.038461538461538464,1.0,25,396.16410741004796,ok,GSM9226195,P13_MIA,MIA,epithelial_progenitor_like,control_NR2F2,0.75,1.0,13713,3428,3428,1295,0.37777129521586933,0.49212368728121353,NR2F2,NR2F2 single-gene control,source_near_epithelial_progenitor,NR2F2,False
0.5317969661610268,0.48127187864644105,0.008678223325929702,0.05052508751458573,0.038461538461538464,1.0,25,396.16410741004796,ok,GSM9226195,P13_MIA,MIA,epithelial_progenitor_like,control_LIFR,0.75,1.0,13713,3428,3428,1258,0.366977829638273,0.49387397899649943,LIFR,LIFR single-gene control,source_near_epithelial_progenitor,LIFR,False
0.6531505250875146,0.47887981330221696,0.010121091166470579,0.17427071178529763,0.038461538461538464,1.0,25,396.16410741004796,ok,GSM9226195,P13_MIA,MIA,epithelial_progenitor_like,control_CITED2,0.75,1.0,13713,3428,3428,1634,0.4766627771295216,0.5848891481913653,CITED2,CITED2 single-gene control,source_near_epithelial_progenitor,CITED2,False
0.6371061843640606,0.48071178529754965,0.012738787135303626,0.15639439906651098,0.038461538461538464,1.0,25,396.16410741004796,ok,GSM9226195,P13_MIA,MIA,epithelial_progenitor_like,control_DDX46,0.75,1.0,13713,3428,3428,1540,0.4492415402567094,0.5612602100350058,DDX46,DDX46 single-gene control,source_near_epithelial_progenitor,DDX46,False
0.6403150525087514,0.47997666277712947,0.012269937015784832,0.16033838973162196,0.038461538461538464,1.0,25,396.16410741004796,ok,GSM9226195,P13_MIA,MIA,epithelial_progenitor_like,control_PPM1A,0.75,1.0,13713,3428,3428,1540,0.4492415402567094,0.5662193698949824,PPM1A,PPM1A single-gene control,source_near_epithelial_progenitor,PPM1A,False
0.6006417736289381,0.4797199533255543,0.008937126791406805,0.12092182030338383,0.038461538461538464,1.0,25,396.16410741004796,ok,GSM9226195,P13_MIA,MIA,epithelial_progenitor_like,control_UXT,0.75,1.0,13713,3428,3428,1394,0.40665110851808633,0.5166277712952159,UXT,UXT single-gene control,source_near_epithelial_progenitor,UXT,False
0.6091015169194866,0.47799299883313884,0.010363449836791723,0.13110851808634771,0.038461538461538464,1.0,25,396.16410741004796,ok,GSM9226195,P13_MIA,MIA,epithelial_progenitor_like,control_SETD3,0.75,1.0,13713,3428,3428,1412,0.411901983663944,0.5227537922987164,SETD3,SETD3 single-gene control,source_near_epithelial_progenitor,SETD3,False
0.6417736289381564,0.4782847141190198,0.009908333453911223,0.16348891481913658,0.038461538461538464,1.0,25,396.16410741004796,ok,GSM9226195,P13_MIA,MIA,epithelial_progenitor_like,control_TRIM27,0.75,1.0,13713,3428,3428,1664,0.485414235705951,0.6015169194865811,TRIM27,TRIM27 single-gene control,source_near_epithelial_progenitor,TRIM27,False
0.6216452742123687,0.4790781796966161,0.007686075025864577,0.1425670945157526,0.038461538461538464,1.0,25,396.16410741004796,ok,GSM9226195,P13_MIA,MIA,epithelial_progenitor_like,control_DERL1,0.75,1.0,13713,3428,3428,1468,0.4282380396732789,0.5460910151691949,DERL1,DERL1 single-gene control,source_near_epithelial_progenitor,DERL1,False
0.4959159859976663,0.48228704784130694,0.011190719527900848,0.01362893815635935,0.15384615384615385,0.8846153846153846,25,396.16410741004796,ok,GSM9226195,P13_MIA,MIA,epithelial_progenitor_like,control_MS4A7,0.75,1.0,13713,3428,3428,972,0.28354725787631274,0.41540256709451573,MS4A7,MS4A7 single-gene control,source_near_epithelial_progenitor,MS4A7,False
0.5848891481913653,0.47955659276546087,0.009776423377286255,0.10533255542590442,0.038461538461538464,1.0,25,396.16410741004796,ok,GSM9226195,P13_MIA,MIA,epithelial_progenitor_like,control_PHF10,0.75,1.0,13713,3428,3428,1357,0.3958576429404901,0.5,PHF10,PHF10 single-gene control,source_near_epithelial_progenitor,PHF10,False
0.6406067677946324,0.4804550758459743,0.008837336324213019,0.16015169194865814,0.038461538461538464,1.0,25,396.16410741004796,ok,GSM9226195,P13_MIA,MIA,epithelial_progenitor_like,control_RAB1B,0.75,1.0,13713,3428,3428,1547,0.45128354725787634,0.5697199533255543,RAB1B,RAB1B single-gene control,source_near_epithelial_progenitor,RAB1B,False
0.3929404900816803,0.2798016336056009,0.00444621053493662,0.11313885647607941,0.038461538461538464,1.0,25,396.16410741004796,ok,GSM9226195,P13_MIA,MIA,epithelial_progenitor_like,control_PRDX1,0.75,1.0,13713,3428,1833,753,0.21966161026837805,0.5171849427168577,PRDX1,PRDX1 single-gene control,source_near_epithelial_progenitor,PRDX1,False
0.6213535589264878,0.48249708284714116,0.009925467029175137,0.13885647607934665,0.038461538461538464,1.0,25,396.16410741004796,ok,GSM9226195,P13_MIA,MIA,epithelial_progenitor_like,control_SPRY2,0.75,1.0,13713,3428,3428,1451,0.4232788798133022,0.530338389731622,SPRY2,SPRY2 single-gene control,source_near_epithelial_progenitor,SPRY2,False
0.6219369894982497,0.48140023337222865,0.008225250329852262,0.14053675612602107,0.038461538461538464,1.0,25,396.16410741004796,ok,GSM9226195,P13_MIA,MIA,epithelial_progenitor_like,control_BSG,0.75,1.0,13713,3428,3428,1468,0.4282380396732789,0.5361726954492415,BSG,BSG single-gene control,source_near_epithelial_progenitor,BSG,False
0.21498054474708173,0.2005188067444877,0.008416047152213906,0.014461738002594038,0.07692307692307693,0.9615384615384616,25,351.5920931989228,ok,GSM9226197,P14_AIS,AIS,epithelial_progenitor_like,control_MIF,0.75,1.0,12335,3084,1414,409,0.13261997405966278,0.35714285714285715,MIF,MIF single-gene control,source_near_epithelial_progenitor,MIF,True
0.43028534370946825,0.3783009079118028,0.010014644502033057,0.05198443579766543,0.038461538461538464,1.0,25,351.5920931989228,ok,GSM9226197,P14_AIS,AIS,epithelial_progenitor_like,control_PRKDC,0.75,1.0,12335,3084,2900,895,0.2902075226977951,0.3813793103448276,PRKDC,PRKDC single-gene control,source_near_epithelial_progenitor,PRKDC,False
0.41861219195849547,0.3995719844357977,0.008354670626305294,0.01904020752269775,0.038461538461538464,1.0,25,351.5920931989228,ok,GSM9226197,P14_AIS,AIS,epithelial_progenitor_like,control_PHACTR2,0.75,1.0,12335,3084,3084,883,0.28631647211413747,0.33787289234760054,PHACTR2,PHACTR2 single-gene control,source_near_epithelial_progenitor,PHACTR2,False
0.42444876783398183,0.3961997405966278,0.007695671327575625,0.028249027237354007,0.038461538461538464,1.0,25,351.5920931989228,ok,GSM9226197,P14_AIS,AIS,epithelial_progenitor_like,control_RMND5A,0.75,1.0,12335,3084,3084,930,0.301556420233463,0.3557068741893645,RMND5A,RMND5A single-gene control,source_near_epithelial_progenitor,RMND5A,False
0.41926070038910507,0.4003761348897536,0.010199534760745792,0.01888456549935147,0.07692307692307693,0.9615384615384616,25,351.5920931989228,ok,GSM9226197,P14_AIS,AIS,epithelial_progenitor_like,control_CKB,0.75,1.0,12335,3084,3084,897,0.2908560311284047,0.3518158236057069,CKB,CKB single-gene control,source_near_epithelial_progenitor,CKB,False
0.372568093385214,0.3260181582360571,0.010555740601734776,0.046549935149156896,0.038461538461538464,1.0,25,351.5920931989228,ok,GSM9226197,P14_AIS,AIS,epithelial_progenitor_like,control_KIF13B,0.75,1.0,12335,3084,2453,748,0.24254215304798962,0.37871993477374644,KIF13B,KIF13B single-gene control,source_near_epithelial_progenitor,KIF13B,False
0.39299610894941633,0.40129701686121927,0.00959841771440706,-0.008300907911802935,0.7692307692307693,0.2692307692307692,25,351.5920931989228,ok,GSM9226197,P14_AIS,AIS,epithelial_progenitor_like,control_NR2F2,0.75,1.0,12335,3084,3084,840,0.2723735408560311,0.33041504539559013,NR2F2,NR2F2 single-gene control,source_near_epithelial_progenitor,NR2F2,False
0.4487678339818418,0.39875486381322967,0.012420911728169172,0.050012970168612114,0.038461538461538464,1.0,25,351.5920931989228,ok,GSM9226197,P14_AIS,AIS,epithelial_progenitor_like,control_LIFR,0.75,1.0,12335,3084,3084,990,0.321011673151751,0.38780804150453957,LIFR,LIFR single-gene control,source_near_epithelial_progenitor,LIFR,False
0.372568093385214,0.3973151750972763,0.010246860745101253,-0.024747081712062302,1.0,0.038461538461538464,25,351.5920931989228,ok,GSM9226197,P14_AIS,AIS,epithelial_progenitor_like,control_CITED2,0.75,1.0,12335,3084,3084,850,0.27561608300907914,0.33657587548638135,CITED2,CITED2 single-gene control,source_near_epithelial_progenitor,CITED2,False
0.41893644617380027,0.39761348897535675,0.010276130572583909,0.021322957198443515,0.038461538461538464,1.0,25,351.5920931989228,ok,GSM9226197,P14_AIS,AIS,epithelial_progenitor_like,control_DDX46,0.75,1.0,12335,3084,3084,911,0.29539559014267186,0.3553826199740597,DDX46,DDX46 single-gene control,source_near_epithelial_progenitor,DDX46,False
0.3962386511024643,0.40079118028534383,0.008612332760505223,-0.004552529182879517,0.7692307692307693,0.2692307692307692,25,351.5920931989228,ok,GSM9226197,P14_AIS,AIS,epithelial_progenitor_like,control_PPM1A,0.75,1.0,12335,3084,3084,865,0.2804798962386511,0.3320363164721141,PPM1A,PPM1A single-gene control,source_near_epithelial_progenitor,PPM1A,False
0.43320363164721143,0.3960311284046692,0.008452344028206618,0.03717250324254223,0.038461538461538464,1.0,25,351.5920931989228,ok,GSM9226197,P14_AIS,AIS,epithelial_progenitor_like,control_UXT,0.75,1.0,12335,3084,3048,899,0.2915045395590143,0.364501312335958,UXT,UXT single-gene control,source_near_epithelial_progenitor,UXT,False
0.4053177691309987,0.40116731517509735,0.010317705951165573,0.0041504539559013565,0.34615384615384615,0.6923076923076923,25,351.5920931989228,ok,GSM9226197,P14_AIS,AIS,epithelial_progenitor_like,control_SETD3,0.75,1.0,12335,3084,3084,926,0.3002594033722438,0.35019455252918286,SETD3,SETD3 single-gene control,source_near_epithelial_progenitor,SETD3,False
0.4079118028534371,0.4013229571984436,0.008960961431058618,0.006588845654993514,0.19230769230769232,0.8461538461538461,25,351.5920931989228,ok,GSM9226197,P14_AIS,AIS,epithelial_progenitor_like,control_TRIM27,0.75,1.0,12335,3084,3084,912,0.29571984435797666,0.3537613488975357,TRIM27,TRIM27 single-gene control,source_near_epithelial_progenitor,TRIM27,False
0.4085603112840467,0.39697795071335923,0.009544647412346037,0.011582360570687456,0.07692307692307693,0.9615384615384616,25,351.5920931989228,ok,GSM9226197,P14_AIS,AIS,epithelial_progenitor_like,control_DERL1,0.75,1.0,12335,3084,3084,923,0.29928664072632943,0.3553826199740597,DERL1,DERL1 single-gene control,source_near_epithelial_progenitor,DERL1,False
0.32911802853437094,0.3991050583657587,0.010259234616555073,-0.06998702983138777,1.0,0.038461538461538464,25,351.5920931989228,ok,GSM9226197,P14_AIS,AIS,epithelial_progenitor_like,control_MS4A7,0.75,1.0,12335,3084,3084,671,0.2175745784695201,0.2808041504539559,MS4A7,MS4A7 single-gene control,source_near_epithelial_progenitor,MS4A7,False
0.4072632944228275,0.39791180285343714,0.011046746744418974,0.009351491569390358,0.23076923076923078,0.8461538461538461,25,351.5920931989228,ok,GSM9226197,P14_AIS,AIS,epithelial_progenitor_like,control_PHF10,0.75,1.0,12335,3084,3084,874,0.2833981841763943,0.33949416342412453,PHF10,PHF10 single-gene control,source_near_epithelial_progenitor,PHF10,False
0.41309987029831385,0.40007782101167316,0.00767763869621206,0.013022049286640691,0.07692307692307693,0.9615384615384616,25,351.5920931989228,ok,GSM9226197,P14_AIS,AIS,epithelial_progenitor_like,control_RAB1B,0.75,1.0,12335,3084,3084,899,0.2915045395590143,0.3518158236057069,RAB1B,RAB1B single-gene control,source_near_epithelial_progenitor,RAB1B,False
0.26686121919584954,0.2346433203631647,0.0067938029187477374,0.03221789883268483,0.038461538461538464,1.0,25,351.5920931989228,ok,GSM9226197,P14_AIS,AIS,epithelial_progenitor_like,control_PRDX1,0.75,1.0,12335,3084,1691,541,0.17542153047989623,0.39384979302188056,PRDX1,PRDX1 single-gene control,source_near_epithelial_progenitor,PRDX1,False
0.41147859922178986,0.40302204928664076,0.008159638976012969,0.008456549935149105,0.15384615384615385,0.8846153846153846,25,351.5920931989228,ok,GSM9226197,P14_AIS,AIS,epithelial_progenitor_like,control_SPRY2,0.75,1.0,12335,3084,3084,900,0.2918287937743191,0.3544098573281453,SPRY2,SPRY2 single-gene control,source_near_epithelial_progenitor,SPRY2,False
0.3942931258106355,0.39819714656290534,0.00784516528235753,-0.00390402075226981,0.6153846153846154,0.4230769230769231,25,351.5920931989228,ok,GSM9226197,P14_AIS,AIS,epithelial_progenitor_like,control_BSG,0.75,1.0,12335,3084,3084,892,0.2892347600518807,0.3433852140077821,BSG,BSG single-gene control,source_near_epithelial_progenitor,BSG,False
0.3944986072423398,0.2266434540389972,0.00757790086968481,0.16785515320334263,0.038461538461538464,1.0,25,382.4264635194589,ok,GSM9226198,P14_LUAD,LUAD,epithelial_progenitor_like,control_MIF,0.75,1.0,11488,2872,1583,806,0.28064066852367686,0.5375868603916614,MIF,MIF single-gene control,source_near_epithelial_progenitor,MIF,True
0.6775766016713092,0.3792200557103065,0.008570412092725849,0.2983565459610027,0.038461538461538464,1.0,25,382.4264635194589,ok,GSM9226198,P14_LUAD,LUAD,epithelial_progenitor_like,control_PRKDC,0.75,1.0,11488,2872,2872,1605,0.5588440111420613,0.5873955431754875,PRKDC,PRKDC single-gene control,source_near_epithelial_progenitor,PRKDC,False
0.6448467966573816,0.38013927576601675,0.010325680239625077,0.2647075208913649,0.038461538461538464,1.0,25,382.4264635194589,ok,GSM9226198,P14_LUAD,LUAD,epithelial_progenitor_like,control_PHACTR2,0.75,1.0,11488,2872,2872,1513,0.5268105849582173,0.5536211699164345,PHACTR2,PHACTR2 single-gene control,source_near_epithelial_progenitor,PHACTR2,False
0.6340529247910863,0.3805710306406685,0.00877985230770175,0.25348189415041783,0.038461538461538464,1.0,25,382.4264635194589,ok,GSM9226198,P14_LUAD,LUAD,epithelial_progenitor_like,control_RMND5A,0.75,1.0,11488,2872,2872,1457,0.5073119777158774,0.5306406685236769,RMND5A,RMND5A single-gene control,source_near_epithelial_progenitor,RMND5A,False
0.7308495821727019,0.3850974930362117,0.009390899399124734,0.3457520891364902,0.038461538461538464,1.0,25,382.4264635194589,ok,GSM9226198,P14_LUAD,LUAD,epithelial_progenitor_like,control_CKB,0.75,1.0,11488,2872,2872,1788,0.6225626740947076,0.6633008356545961,CKB,CKB single-gene control,source_near_epithelial_progenitor,CKB,False
0.5052228412256268,0.3484679665738162,0.011078863394654522,0.1567548746518106,0.038461538461538464,1.0,25,382.4264635194589,ok,GSM9226198,P14_LUAD,LUAD,epithelial_progenitor_like,control_KIF13B,0.75,1.0,11488,2872,2602,1024,0.3565459610027855,0.42621060722521137,KIF13B,KIF13B single-gene control,source_near_epithelial_progenitor,KIF13B,False
0.5811281337047354,0.3833147632311978,0.009391609418520516,0.1978133704735376,0.038461538461538464,1.0,25,382.4264635194589,ok,GSM9226198,P14_LUAD,LUAD,epithelial_progenitor_like,control_NR2F2,0.75,1.0,11488,2872,2872,1268,0.4415041782729805,0.46448467966573814,NR2F2,NR2F2 single-gene control,source_near_epithelial_progenitor,NR2F2,False
0.415041782729805,0.38167130919220055,0.010320003766368576,0.03337047353760447,0.038461538461538464,1.0,25,382.4264635194589,ok,GSM9226198,P14_LUAD,LUAD,epithelial_progenitor_like,control_LIFR,0.75,1.0,11488,2872,2872,848,0.29526462395543174,0.3064066852367688,LIFR,LIFR single-gene control,source_near_epithelial_progenitor,LIFR,False
0.6549442896935933,0.3784958217270195,0.010794096502290048,0.2764484679665738,0.038461538461538464,1.0,25,382.4264635194589,ok,GSM9226198,P14_LUAD,LUAD,epithelial_progenitor_like,control_CITED2,0.75,1.0,11488,2872,2872,1531,0.5330779944289693,0.5574512534818942,CITED2,CITED2 single-gene control,source_near_epithelial_progenitor,CITED2,False
0.6740947075208914,0.37814763231197773,0.008413464851353126,0.29594707520891367,0.038461538461538464,1.0,25,382.4264635194589,ok,GSM9226198,P14_LUAD,LUAD,epithelial_progenitor_like,control_DDX46,0.75,1.0,11488,2872,2872,1556,0.541782729805014,0.5790389972144847,DDX46,DDX46 single-gene control,source_near_epithelial_progenitor,DDX46,False
0.6274373259052924,0.37530640668523674,0.010709452123768667,0.2521309192200557,0.038461538461538464,1.0,25,382.4264635194589,ok,GSM9226198,P14_LUAD,LUAD,epithelial_progenitor_like,control_PPM1A,0.75,1.0,11488,2872,2872,1382,0.48119777158774374,0.5118384401114207,PPM1A,PPM1A single-gene control,source_near_epithelial_progenitor,PPM1A,False
0.6211699164345403,0.3792618384401114,0.011468371307620734,0.24190807799442893,0.038461538461538464,1.0,25,382.4264635194589,ok,GSM9226198,P14_LUAD,LUAD,epithelial_progenitor_like,control_UXT,0.75,1.0,11488,2872,2872,1389,0.48363509749303624,0.5149721448467967,UXT,UXT single-gene control,source_near_epithelial_progenitor,UXT,False
0.6128133704735376,0.38083565459610036,0.011599760220286325,0.2319777158774372,0.038461538461538464,1.0,25,382.4264635194589,ok,GSM9226198,P14_LUAD,LUAD,epithelial_progenitor_like,control_SETD3,0.75,1.0,11488,2872,2872,1370,0.47701949860724235,0.504874651810585,SETD3,SETD3 single-gene control,source_near_epithelial_progenitor,SETD3,False
0.685933147632312,0.3813091922005571,0.008817927011472989,0.30462395543175486,0.038461538461538464,1.0,25,382.4264635194589,ok,GSM9226198,P14_LUAD,LUAD,epithelial_progenitor_like,control_TRIM27,0.75,1.0,11488,2872,2872,1601,0.5574512534818942,0.5978412256267409,TRIM27,TRIM27 single-gene control,source_near_epithelial_progenitor,TRIM27,False
0.7249303621169917,0.3825626740947075,0.010067191109632227,0.3423676880222842,0.038461538461538464,1.0,25,382.4264635194589,ok,GSM9226198,P14_LUAD,LUAD,epithelial_progenitor_like,control_DERL1,0.75,1.0,11488,2872,2872,1719,0.5985376044568245,0.6357938718662952,DERL1,DERL1 single-gene control,source_near_epithelial_progenitor,DERL1,False
0.4578690807799443,0.38181058495821724,0.00903789105972792,0.07605849582172708,0.038461538461538464,1.0,25,382.4264635194589,ok,GSM9226198,P14_LUAD,LUAD,epithelial_progenitor_like,control_MS4A7,0.75,1.0,11488,2872,2872,923,0.32137883008356544,0.36525069637883006,MS4A7,MS4A7 single-gene control,source_near_epithelial_progenitor,MS4A7,False
0.6051532033426184,0.37991643454039,0.008835096289884612,0.22523676880222837,0.038461538461538464,1.0,25,382.4264635194589,ok,GSM9226198,P14_LUAD,LUAD,epithelial_progenitor_like,control_PHF10,0.75,1.0,11488,2872,2872,1361,0.4738857938718663,0.4996518105849582,PHF10,PHF10 single-gene control,source_near_epithelial_progenitor,PHF10,False
0.6392757660167131,0.38160167130919226,0.011685321844571293,0.25767409470752084,0.038461538461538464,1.0,25,382.4264635194589,ok,GSM9226198,P14_LUAD,LUAD,epithelial_progenitor_like,control_RAB1B,0.75,1.0,11488,2872,2872,1437,0.5003481894150418,0.5278551532033426,RAB1B,RAB1B single-gene control,source_near_epithelial_progenitor,RAB1B,False
0.471100278551532,0.2537047353760446,0.010159277725378744,0.21739554317548743,0.038461538461538464,1.0,25,382.4264635194589,ok,GSM9226198,P14_LUAD,LUAD,epithelial_progenitor_like,control_PRDX1,0.75,1.0,11488,2872,1825,984,0.3426183844011142,0.5726027397260274,PRDX1,PRDX1 single-gene control,source_near_epithelial_progenitor,PRDX1,False
0.6793175487465181,0.3796100278551532,0.012638076709777894,0.2997075208913649,0.038461538461538464,1.0,25,382.4264635194589,ok,GSM9226198,P14_LUAD,LUAD,epithelial_progenitor_like,control_SPRY2,0.75,1.0,11488,2872,2872,1595,0.5553621169916435,0.5769498607242339,SPRY2,SPRY2 single-gene control,source_near_epithelial_progenitor,SPRY2,False
0.6615598885793872,0.3817409470752089,0.011363322174702147,0.2798189415041783,0.038461538461538464,1.0,25,382.4264635194589,ok,GSM9226198,P14_LUAD,LUAD,epithelial_progenitor_like,control_BSG,0.75,1.0,11488,2872,2872,1532,0.5334261838440112,0.564066852367688,BSG,BSG single-gene control,source_near_epithelial_progenitor,BSG,False
0.6911186059584036,0.3744125913434513,0.009069137829400647,0.3167060146149523,0.038461538461538464,1.0,25,382.0052355662158,ok,GSM9226200,P15_LUAD,LUAD,epithelial_progenitor_like,control_MIF,0.75,1.0,14231,3558,3558,2097,0.5893760539629005,0.6101742551995503,MIF,MIF single-gene control,source_near_epithelial_progenitor,MIF,True
0.6514896008993817,0.3751208544125913,0.008754486145661931,0.2763687464867904,0.038461538461538464,1.0,25,382.0052355662158,ok,GSM9226200,P15_LUAD,LUAD,epithelial_progenitor_like,control_PRKDC,0.75,1.0,14231,3558,3558,1894,0.5323215289488477,0.558459808881394,PRKDC,PRKDC single-gene control,source_near_epithelial_progenitor,PRKDC,False
0.5146149522203485,0.3742776840921866,0.0062781859544281315,0.14033726812816189,0.038461538461538464,1.0,25,382.0052355662158,ok,GSM9226200,P15_LUAD,LUAD,epithelial_progenitor_like,control_PHACTR2,0.75,1.0,14231,3558,3558,1480,0.41596402473299604,0.4336706014614952,PHACTR2,PHACTR2 single-gene control,source_near_epithelial_progenitor,PHACTR2,False
0.7369308600337268,0.37518830803822373,0.008404302489038087,0.36174255199550304,0.038461538461538464,1.0,25,382.0052355662158,ok,GSM9226200,P15_LUAD,LUAD,epithelial_progenitor_like,control_RMND5A,0.75,1.0,14231,3558,3558,2303,0.647273749297358,0.6655424395727937,RMND5A,RMND5A single-gene control,source_near_epithelial_progenitor,RMND5A,False
0.5927487352445194,0.37453625632377746,0.005862465228415185,0.21821247892074197,0.038461538461538464,1.0,25,382.0052355662158,ok,GSM9226200,P15_LUAD,LUAD,epithelial_progenitor_like,control_CKB,0.75,1.0,14231,3558,3558,1779,0.5,0.5241708825182687,CKB,CKB single-gene control,source_near_epithelial_progenitor,CKB,False
0.5466554243957279,0.37453625632377746,0.00891774142113834,0.17211916807195043,0.038461538461538464,1.0,25,382.0052355662158,ok,GSM9226200,P15_LUAD,LUAD,epithelial_progenitor_like,control_KIF13B,0.75,1.0,14231,3558,3558,1540,0.4328274311410905,0.45165823496346263,KIF13B,KIF13B single-gene control,source_near_epithelial_progenitor,KIF13B,False
0.3996627318718381,0.3775491849353569,0.008872866337591934,0.02211354693648121,0.038461538461538464,1.0,25,382.0052355662158,ok,GSM9226200,P15_LUAD,LUAD,epithelial_progenitor_like,control_NR2F2,0.75,1.0,14231,3558,3558,1031,0.28976953344575607,0.3156267566048342,NR2F2,NR2F2 single-gene control,source_near_epithelial_progenitor,NR2F2,False
0.5815064643057898,0.3722315907813378,0.008875937254882527,0.209274873524452,0.038461538461538464,1.0,25,382.0052355662158,ok,GSM9226200,P15_LUAD,LUAD,epithelial_progenitor_like,control_LIFR,0.75,1.0,14231,3558,3558,1735,0.4876335019673974,0.49775154581225406,LIFR,LIFR single-gene control,source_near_epithelial_progenitor,LIFR,False
0.5573355817875211,0.37287240022484547,0.009392904474215386,0.1844631815626756,0.038461538461538464,1.0,25,382.0052355662158,ok,GSM9226200,P15_LUAD,LUAD,epithelial_progenitor_like,control_CITED2,0.75,1.0,14231,3558,3558,1592,0.447442383361439,0.4673974142776841,CITED2,CITED2 single-gene control,source_near_epithelial_progenitor,CITED2,False
0.7155705452501405,0.37207419898819566,0.008429626250972167,0.34349634626194486,0.038461538461538464,1.0,25,382.0052355662158,ok,GSM9226200,P15_LUAD,LUAD,epithelial_progenitor_like,control_DDX46,0.75,1.0,14231,3558,3558,2172,0.6104553119730185,0.6382799325463744,DDX46,DDX46 single-gene control,source_near_epithelial_progenitor,DDX46,False
0.7743114109050028,0.37410905002810574,0.009086265994566791,0.40020236087689703,0.038461538461538464,1.0,25,382.0052355662158,ok,GSM9226200,P15_LUAD,LUAD,epithelial_progenitor_like,control_PPM1A,0.75,1.0,14231,3558,3558,2448,0.688026981450253,0.716132658797077,PPM1A,PPM1A single-gene control,source_near_epithelial_progenitor,PPM1A,False
0.6762225969645869,0.37496346261944913,0.009144903887129434,0.30125913434513774,0.038461538461538464,1.0,25,382.0052355662158,ok,GSM9226200,P15_LUAD,LUAD,epithelial_progenitor_like,control_UXT,0.75,1.0,14231,3558,3558,2036,0.5722315907813378,0.5947161326587971,UXT,UXT single-gene control,source_near_epithelial_progenitor,UXT,False
0.7121978639685217,0.3766610455311973,0.01068991595830587,0.3355368184373244,0.038461538461538464,1.0,25,382.0052355662158,ok,GSM9226200,P15_LUAD,LUAD,epithelial_progenitor_like,control_SETD3,0.75,1.0,14231,3558,3558,2214,0.6222596964586846,0.6469926925238898,SETD3,SETD3 single-gene control,source_near_epithelial_progenitor,SETD3,False
0.8541315345699831,0.37464867903316473,0.007990370419240866,0.4794828555368184,0.038461538461538464,1.0,25,382.0052355662158,ok,GSM9226200,P15_LUAD,LUAD,epithelial_progenitor_like,control_TRIM27,0.75,1.0,14231,3558,3558,2840,0.7982012366498032,0.8299606520517144,TRIM27,TRIM27 single-gene control,source_near_epithelial_progenitor,TRIM27,False
0.739460370994941,0.37154581225407524,0.009759552287028647,0.36791455874086576,0.038461538461538464,1.0,25,382.0052355662158,ok,GSM9226200,P15_LUAD,LUAD,epithelial_progenitor_like,control_DERL1,0.75,1.0,14231,3558,3558,2326,0.6537380550871276,0.6781899943788645,DERL1,DERL1 single-gene control,source_near_epithelial_progenitor,DERL1,False
0.3858909499718943,0.37594154019111864,0.0079585895901687,0.009949409780775686,0.11538461538461539,0.9230769230769231,25,382.0052355662158,ok,GSM9226200,P15_LUAD,LUAD,epithelial_progenitor_like,control_MS4A7,0.75,1.0,14231,3558,3558,1018,0.2861157953906689,0.31478358628442943,MS4A7,MS4A7 single-gene control,source_near_epithelial_progenitor,MS4A7,False
0.700955593029792,0.3769421023046655,0.009005768361163659,0.32401349072512653,0.038461538461538464,1.0,25,382.0052355662158,ok,GSM9226200,P15_LUAD,LUAD,epithelial_progenitor_like,control_PHF10,0.75,1.0,14231,3558,3558,2126,0.5975267003934794,0.6225407532321529,PHF10,PHF10 single-gene control,source_near_epithelial_progenitor,PHF10,False
0.7467678471051152,0.37347948285553684,0.00784809626766766,0.3732883642495784,0.038461538461538464,1.0,25,382.0052355662158,ok,GSM9226200,P15_LUAD,LUAD,epithelial_progenitor_like,control_RAB1B,0.75,1.0,14231,3558,3558,2340,0.657672849915683,0.6798763350196739,RAB1B,RAB1B single-gene control,source_near_epithelial_progenitor,RAB1B,False
0.5837549184935357,0.3187858347386172,0.009083135737667027,0.26496908375491846,0.038461538461538464,1.0,25,382.0052355662158,ok,GSM9226200,P15_LUAD,LUAD,epithelial_progenitor_like,control_PRDX1,0.75,1.0,14231,3558,2950,1665,0.4679595278246206,0.5877966101694915,PRDX1,PRDX1 single-gene control,source_near_epithelial_progenitor,PRDX1,False
0.49325463743676223,0.37539066891512085,0.008072284559288026,0.11786396852164138,0.038461538461538464,1.0,25,382.0052355662158,ok,GSM9226200,P15_LUAD,LUAD,epithelial_progenitor_like,control_SPRY2,0.75,1.0,14231,3558,3558,1339,0.37633501967397415,0.39938167509836986,SPRY2,SPRY2 single-gene control,source_near_epithelial_progenitor,SPRY2,False
0.7116357504215851,0.37481731309724564,0.0068384064421565085,0.33681843732433947,0.038461538461538464,1.0,25,382.0052355662158,ok,GSM9226200,P15_LUAD,LUAD,epithelial_progenitor_like,control_BSG,0.75,1.0,14231,3558,3558,2233,0.6275997751545812,0.6447442383361439,BSG,BSG single-gene control,source_near_epithelial_progenitor,BSG,False
0.36009658919408394,0.2547781466948385,0.008317501543781022,0.10531844249924543,0.038461538461538464,1.0,25,382.4264635194589,ok,GSM9226199,P15_MIA,MIA,epithelial_progenitor_like,control_MIF,0.75,1.0,13250,3313,2078,840,0.25354663447026865,0.4552454282964389,MIF,MIF single-gene control,source_near_epithelial_progenitor,MIF,True
0.4841533353456082,0.38308481738605493,0.008819791832156578,0.1010685179595533,0.038461538461538464,1.0,25,382.4264635194589,ok,GSM9226199,P15_MIA,MIA,epithelial_progenitor_like,control_PRKDC,0.75,1.0,13250,3313,3313,1161,0.35043766978569274,0.40205252037428313,PRKDC,PRKDC single-gene control,source_near_epithelial_progenitor,PRKDC,False
0.4397826743133112,0.3843404769091458,0.0073841783141108085,0.055442197404165394,0.038461538461538464,1.0,25,382.4264635194589,ok,GSM9226199,P15_MIA,MIA,epithelial_progenitor_like,control_PHACTR2,0.75,1.0,13250,3313,3313,1109,0.334741925747057,0.38182915786296406,PHACTR2,PHACTR2 single-gene control,source_near_epithelial_progenitor,PHACTR2,False
0.42952007244189555,0.3837005734983399,0.00839612498985881,0.04581949894355564,0.038461538461538464,1.0,25,382.4264635194589,ok,GSM9226199,P15_MIA,MIA,epithelial_progenitor_like,control_RMND5A,0.75,1.0,13250,3313,3313,1028,0.31029278599456683,0.35858738303652277,RMND5A,RMND5A single-gene control,source_near_epithelial_progenitor,RMND5A,False
0.557802595834591,0.37905221853305165,0.007889362257055449,0.17875037730153936,0.038461538461538464,1.0,25,382.4264635194589,ok,GSM9226199,P15_MIA,MIA,epithelial_progenitor_like,control_CKB,0.75,1.0,13250,3313,3313,1521,0.4591005131300936,0.4998490793842439,CKB,CKB single-gene control,source_near_epithelial_progenitor,CKB,False
0.48566254150316934,0.3825294295200724,0.008911867685002245,0.10313311198309694,0.038461538461538464,1.0,25,382.4264635194589,ok,GSM9226199,P15_MIA,MIA,epithelial_progenitor_like,control_KIF13B,0.75,1.0,13250,3313,3313,1187,0.35828554180501054,0.4065801388469665,KIF13B,KIF13B single-gene control,source_near_epithelial_progenitor,KIF13B,False
0.38997887111379415,0.3851011168125566,0.005499588101980299,0.004877754301237547,0.2692307692307692,0.7692307692307693,25,382.4264635194589,ok,GSM9226199,P15_MIA,MIA,epithelial_progenitor_like,control_NR2F2,0.75,1.0,13250,3313,3313,935,0.28222155146392996,0.332025354663447,NR2F2,NR2F2 single-gene control,source_near_epithelial_progenitor,NR2F2,False
0.3757923332327196,0.38425596136432233,0.008228279075637562,-0.00846362813160273,0.8846153846153846,0.15384615384615385,25,382.4264635194589,ok,GSM9226199,P15_MIA,MIA,epithelial_progenitor_like,control_LIFR,0.75,1.0,13250,3313,3313,947,0.28584364624207664,0.33564744944159375,LIFR,LIFR single-gene control,source_near_epithelial_progenitor,LIFR,False
0.46906127376999696,0.38418351946875945,0.008292855523741071,0.0848777543012375,0.038461538461538464,1.0,25,382.4264635194589,ok,GSM9226199,P15_MIA,MIA,epithelial_progenitor_like,control_CITED2,0.75,1.0,13250,3313,3313,1226,0.3700573498339873,0.41322064594023544,CITED2,CITED2 single-gene control,source_near_epithelial_progenitor,CITED2,False
0.5040748566254151,0.38726230003018414,0.007370428884439956,0.11681255659523093,0.038461538461538464,1.0,25,382.4264635194589,ok,GSM9226199,P15_MIA,MIA,epithelial_progenitor_like,control_DDX46,0.75,1.0,13250,3313,3313,1268,0.38273468155750073,0.43102927859945667,DDX46,DDX46 single-gene control,source_near_epithelial_progenitor,DDX46,False
0.5070932689405373,0.3800543314216722,0.009139660781033556,0.12703893751886508,0.038461538461538464,1.0,25,382.4264635194589,ok,GSM9226199,P15_MIA,MIA,epithelial_progenitor_like,control_PPM1A,0.75,1.0,13250,3313,3313,1283,0.38726230003018414,0.42831270751584666,PPM1A,PPM1A single-gene control,source_near_epithelial_progenitor,PPM1A,False
0.46755206761243584,0.384594023543616,0.009899472103171141,0.08295804406881985,0.038461538461538464,1.0,25,382.4264635194589,ok,GSM9226199,P15_MIA,MIA,epithelial_progenitor_like,control_UXT,0.75,1.0,13250,3313,3313,1153,0.34802293993359495,0.3929972834289164,UXT,UXT single-gene control,source_near_epithelial_progenitor,UXT,False
0.5252037428312708,0.38293993359492906,0.009540968490861116,0.14226380923634174,0.038461538461538464,1.0,25,382.4264635194589,ok,GSM9226199,P15_MIA,MIA,epithelial_progenitor_like,control_SETD3,0.75,1.0,13250,3313,3313,1330,0.4014488379112587,0.44461213401750677,SETD3,SETD3 single-gene control,source_near_epithelial_progenitor,SETD3,False
0.5499547238152732,0.3836643525505584,0.0071097974332573356,0.1662903712647148,0.038461538461538464,1.0,25,382.4264635194589,ok,GSM9226199,P15_MIA,MIA,epithelial_progenitor_like,control_TRIM27,0.75,1.0,13250,3313,3313,1409,0.4252942952007244,0.4750980984002415,TRIM27,TRIM27 single-gene control,source_near_epithelial_progenitor,TRIM27,False
0.4440084515544823,0.3848596438273468,0.00981814874863614,0.059148807727135544,0.038461538461538464,1.0,25,382.4264635194589,ok,GSM9226199,P15_MIA,MIA,epithelial_progenitor_like,control_DERL1,0.75,1.0,13250,3313,3313,1068,0.3223664352550558,0.3721702384545729,DERL1,DERL1 single-gene control,source_near_epithelial_progenitor,DERL1,False
0.38846966495623303,0.38426803501358286,0.009577979234289885,0.004201629942650165,0.34615384615384615,0.6923076923076923,25,382.4264635194589,ok,GSM9226199,P15_MIA,MIA,epithelial_progenitor_like,control_MS4A7,0.75,1.0,13250,3313,3313,925,0.27920313914880773,0.33142167220042257,MS4A7,MS4A7 single-gene control,source_near_epithelial_progenitor,MS4A7,False
0.46513733776033805,0.38388167823724717,0.00845649389244468,0.08125565952309088,0.038461538461538464,1.0,25,382.4264635194589,ok,GSM9226199,P15_MIA,MIA,epithelial_progenitor_like,control_PHF10,0.75,1.0,13250,3313,3313,1130,0.34108059160881377,0.39511017204950194,PHF10,PHF10 single-gene control,source_near_epithelial_progenitor,PHF10,False
0.49441593721702387,0.38568065197706003,0.010827885446554258,0.10873528523996384,0.038461538461538464,1.0,25,382.4264635194589,ok,GSM9226199,P15_MIA,MIA,epithelial_progenitor_like,control_RAB1B,0.75,1.0,13250,3313,3313,1212,0.3658315725928162,0.412616963477211,RAB1B,RAB1B single-gene control,source_near_epithelial_progenitor,RAB1B,False
0.28916389978871115,0.19314216722004227,0.0082861328209515,0.09602173256866889,0.038461538461538464,1.0,25,382.4264635194589,ok,GSM9226199,P15_MIA,MIA,epithelial_progenitor_like,control_PRDX1,0.75,1.0,13250,3313,1533,641,0.19348022939933596,0.4664057403783431,PRDX1,PRDX1 single-gene control,source_near_epithelial_progenitor,PRDX1,False
0.4150316933293088,0.38291578629640816,0.009101234750641007,0.032115907032900626,0.038461538461538464,1.0,25,382.4264635194589,ok,GSM9226199,P15_MIA,MIA,epithelial_progenitor_like,control_SPRY2,0.75,1.0,13250,3313,3313,994,0.30003018412315124,0.344099003923936,SPRY2,SPRY2 single-gene control,source_near_epithelial_progenitor,SPRY2,False
0.5076969514035617,0.3828312707515847,0.0065627160648394425,0.12486568065197706,0.038461538461538464,1.0,25,382.4264635194589,ok,GSM9226199,P15_MIA,MIA,epithelial_progenitor_like,control_BSG,0.75,1.0,13250,3313,3313,1295,0.3908843948083308,0.4358587383036523,BSG,BSG single-gene control,source_near_epithelial_progenitor,BSG,False
0.2208680142687277,0.12451843043995243,0.007719036214538912,0.09634958382877527,0.038461538461538464,1.0,25,382.36762415246403,ok,GSM9226201,P16_AIS,AIS,epithelial_progenitor_like,control_MIF,0.75,1.0,13454,3364,966,541,0.160820451843044,0.6045548654244306,MIF,MIF single-gene control,source_near_epithelial_progenitor,MIF,True
0.3641498216409037,0.2407372175980975,0.007914216192329676,0.12341260404280621,0.038461538461538464,1.0,25,382.36762415246403,ok,GSM9226201,P16_AIS,AIS,epithelial_progenitor_like,control_PRKDC,0.75,1.0,13454,3364,1934,946,0.2812128418549346,0.5480868665977249,PRKDC,PRKDC single-gene control,source_near_epithelial_progenitor,PRKDC,False
0.5252675386444708,0.3889655172413793,0.009918044673166261,0.13630202140309156,0.038461538461538464,1.0,25,382.36762415246403,ok,GSM9226201,P16_AIS,AIS,epithelial_progenitor_like,control_PHACTR2,0.75,1.0,13454,3364,3364,1366,0.406064209274673,0.4690844233055886,PHACTR2,PHACTR2 single-gene control,source_near_epithelial_progenitor,PHACTR2,False
0.3692033293697979,0.24682520808561237,0.007126990343449899,0.12237812128418551,0.038461538461538464,1.0,25,382.36762415246403,ok,GSM9226201,P16_AIS,AIS,epithelial_progenitor_like,control_RMND5A,0.75,1.0,13454,3364,2021,937,0.2785374554102259,0.5269668480950025,RMND5A,RMND5A single-gene control,source_near_epithelial_progenitor,RMND5A,False
0.5600475624256838,0.3865636147443519,0.007409797501323792,0.17348394768133185,0.038461538461538464,1.0,25,382.36762415246403,ok,GSM9226201,P16_AIS,AIS,epithelial_progenitor_like,control_CKB,0.75,1.0,13454,3364,3364,1602,0.4762187871581451,0.5324019024970273,CKB,CKB single-gene control,source_near_epithelial_progenitor,CKB,False
0.3683115338882283,0.23437574316290133,0.007970495162119421,0.13393579072532696,0.038461538461538464,1.0,25,382.36762415246403,ok,GSM9226201,P16_AIS,AIS,epithelial_progenitor_like,control_KIF13B,0.75,1.0,13454,3364,1904,950,0.28240190249702735,0.555672268907563,KIF13B,KIF13B single-gene control,source_near_epithelial_progenitor,KIF13B,False
0.4039833531510107,0.28743162901307967,0.007586534595580921,0.11655172413793102,0.038461538461538464,1.0,25,382.36762415246403,ok,GSM9226201,P16_AIS,AIS,epithelial_progenitor_like,control_NR2F2,0.75,1.0,13454,3364,2375,982,0.2919143876337693,0.4787368421052632,NR2F2,NR2F2 single-gene control,source_near_epithelial_progenitor,NR2F2,False
0.5249702734839476,0.3888941736028538,0.008613972946131244,0.13607609988109387,0.038461538461538464,1.0,25,382.36762415246403,ok,GSM9226201,P16_AIS,AIS,epithelial_progenitor_like,control_LIFR,0.75,1.0,13454,3364,3364,1358,0.4036860879904875,0.46165279429250894,LIFR,LIFR single-gene control,source_near_epithelial_progenitor,LIFR,False
0.5633174791914387,0.3885493460166468,0.008080073176665713,0.1747681331747919,0.038461538461538464,1.0,25,382.36762415246403,ok,GSM9226201,P16_AIS,AIS,epithelial_progenitor_like,control_CITED2,0.75,1.0,13454,3364,3364,1632,0.48513674197384066,0.5490487514863258,CITED2,CITED2 single-gene control,source_near_epithelial_progenitor,CITED2,False
0.42984542211652793,0.2790487514863258,0.007728665504712034,0.15079667063020213,0.038461538461538464,1.0,25,382.36762415246403,ok,GSM9226201,P16_AIS,AIS,epithelial_progenitor_like,control_DDX46,0.75,1.0,13454,3364,2307,1128,0.33531510107015455,0.5552665799739922,DDX46,DDX46 single-gene control,source_near_epithelial_progenitor,DDX46,False
0.4892984542211653,0.34764565992865637,0.009265076796173487,0.14165279429250893,0.038461538461538464,1.0,25,382.36762415246403,ok,GSM9226201,P16_AIS,AIS,epithelial_progenitor_like,control_PPM1A,0.75,1.0,13454,3364,2963,1343,0.3992271105826397,0.5156935538305771,PPM1A,PPM1A single-gene control,source_near_epithelial_progenitor,PPM1A,False
0.3641498216409037,0.24233055885850177,0.008453348696488769,0.12181926278240193,0.038461538461538464,1.0,25,382.36762415246403,ok,GSM9226201,P16_AIS,AIS,epithelial_progenitor_like,control_UXT,0.75,1.0,13454,3364,1962,932,0.27705112960760997,0.5336391437308868,UXT,UXT single-gene control,source_near_epithelial_progenitor,UXT,False
0.5041617122473246,0.3627110582639715,0.007344755816155299,0.14145065398335316,0.038461538461538464,1.0,25,382.36762415246403,ok,GSM9226201,P16_AIS,AIS,epithelial_progenitor_like,control_SETD3,0.75,1.0,13454,3364,3112,1413,0.42003567181926277,0.515745501285347,SETD3,SETD3 single-gene control,source_near_epithelial_progenitor,SETD3,False
0.40219976218787157,0.2687633769322235,0.007968758054782569,0.13343638525564805,0.038461538461538464,1.0,25,382.36762415246403,ok,GSM9226201,P16_AIS,AIS,epithelial_progenitor_like,control_TRIM27,0.75,1.0,13454,3364,2232,1113,0.33085612366230677,0.5528673835125448,TRIM27,TRIM27 single-gene control,source_near_epithelial_progenitor,TRIM27,False
0.5297265160523187,0.3618668252080856,0.008492770778516548,0.16785969084423308,0.038461538461538464,1.0,25,382.36762415246403,ok,GSM9226201,P16_AIS,AIS,epithelial_progenitor_like,control_DERL1,0.75,1.0,13454,3364,3089,1443,0.4289536266349584,0.5393331175137585,DERL1,DERL1 single-gene control,source_near_epithelial_progenitor,DERL1,False
0.4536266349583829,0.36417360285374556,0.009383460963538637,0.08945303210463734,0.038461538461538464,1.0,25,382.36762415246403,ok,GSM9226201,P16_AIS,AIS,epithelial_progenitor_like,control_MS4A7,0.75,1.0,13454,3364,3129,1190,0.35374554102259215,0.4493448386065836,MS4A7,MS4A7 single-gene control,source_near_epithelial_progenitor,MS4A7,False
0.34244946492271106,0.23977407847800236,0.008112398364444228,0.1026753864447087,0.038461538461538464,1.0,25,382.36762415246403,ok,GSM9226201,P16_AIS,AIS,epithelial_progenitor_like,control_PHF10,0.75,1.0,13454,3364,1967,817,0.24286563614744353,0.47941026944585663,PHF10,PHF10 single-gene control,source_near_epithelial_progenitor,PHF10,False
0.4467895362663496,0.3089774078478002,0.007518810862034332,0.1378121284185494,0.038461538461538464,1.0,25,382.36762415246403,ok,GSM9226201,P16_AIS,AIS,epithelial_progenitor_like,control_RAB1B,0.75,1.0,13454,3364,2583,1186,0.3525564803804994,0.5245838172667441,RAB1B,RAB1B single-gene control,source_near_epithelial_progenitor,RAB1B,False
0.16379310344827586,0.08497027348394769,0.0055743360739544945,0.07882282996432817,0.038461538461538464,1.0,25,382.36762415246403,ok,GSM9226201,P16_AIS,AIS,epithelial_progenitor_like,control_PRDX1,0.75,1.0,13454,3364,660,371,0.11028537455410226,0.6196969696969697,PRDX1,PRDX1 single-gene control,source_near_epithelial_progenitor,PRDX1,False
0.42568370986920334,0.2742330558858502,0.009521043143017747,0.15145065398335317,0.038461538461538464,1.0,25,382.36762415246403,ok,GSM9226201,P16_AIS,AIS,epithelial_progenitor_like,control_SPRY2,0.75,1.0,13454,3364,2289,1140,0.3388822829964328,0.5578855395369157,SPRY2,SPRY2 single-gene control,source_near_epithelial_progenitor,SPRY2,False
0.5124851367419738,0.34991676575505354,0.007590125156517748,0.16256837098692029,0.038461538461538464,1.0,25,382.36762415246403,ok,GSM9226201,P16_AIS,AIS,epithelial_progenitor_like,control_BSG,0.75,1.0,13454,3364,2997,1432,0.42568370986920334,0.5432098765432098,BSG,BSG single-gene control,source_near_epithelial_progenitor,BSG,False
0.7647362978283351,0.38492244053774555,0.012482085569246086,0.37981385729058953,0.038461538461538464,1.0,25,382.37416230702615,ok,GSM9226202,P16_LUAD,LUAD,epithelial_progenitor_like,control_MIF,0.75,1.0,7736,1934,1934,1290,0.6670113753877973,0.7357807652533609,MIF,MIF single-gene control,source_near_epithelial_progenitor,MIF,True
0.7931747673216132,0.383971044467425,0.011106831133803324,0.40920372285418816,0.038461538461538464,1.0,25,382.37416230702615,ok,GSM9226202,P16_LUAD,LUAD,epithelial_progenitor_like,control_PRKDC,0.75,1.0,7736,1934,1934,1366,0.7063081695966908,0.7724922440537746,PRKDC,PRKDC single-gene control,source_near_epithelial_progenitor,PRKDC,False
0.7285418821096173,0.3864943123061013,0.012198671333738134,0.342047569803516,0.038461538461538464,1.0,25,382.37416230702615,ok,GSM9226202,P16_LUAD,LUAD,epithelial_progenitor_like,control_PHACTR2,0.75,1.0,7736,1934,1934,1178,0.609100310237849,0.6747673216132368,PHACTR2,PHACTR2 single-gene control,source_near_epithelial_progenitor,PHACTR2,False
0.7988624612202688,0.37989658738366083,0.011861987570632544,0.418965873836608,0.038461538461538464,1.0,25,382.37416230702615,ok,GSM9226202,P16_LUAD,LUAD,epithelial_progenitor_like,control_RMND5A,0.75,1.0,7736,1934,1934,1355,0.7006204756980352,0.7621509824198552,RMND5A,RMND5A single-gene control,source_near_epithelial_progenitor,RMND5A,False
0.6675284384694933,0.38318510858324717,0.012268604214965267,0.2843433298862461,0.038461538461538464,1.0,25,382.37416230702615,ok,GSM9226202,P16_LUAD,LUAD,epithelial_progenitor_like,control_CKB,0.75,1.0,7736,1934,1934,1064,0.5501551189245087,0.609100310237849,CKB,CKB single-gene control,source_near_epithelial_progenitor,CKB,False
0.7988624612202688,0.3885005170630817,0.007834373099734742,0.41036194415718713,0.038461538461538464,1.0,25,382.37416230702615,ok,GSM9226202,P16_LUAD,LUAD,epithelial_progenitor_like,control_KIF13B,0.75,1.0,7736,1934,1934,1368,0.7073422957600828,0.766287487073423,KIF13B,KIF13B single-gene control,source_near_epithelial_progenitor,KIF13B,False
0.655635987590486,0.3794622543950362,0.010154641516280077,0.2761737331954498,0.038461538461538464,1.0,25,382.37416230702615,ok,GSM9226202,P16_LUAD,LUAD,epithelial_progenitor_like,control_NR2F2,0.75,1.0,7736,1934,1934,1018,0.5263702171664943,0.5904860392967942,NR2F2,NR2F2 single-gene control,source_near_epithelial_progenitor,NR2F2,False
0.47621509824198555,0.38314374353671143,0.012796658397895119,0.09307135470527411,0.038461538461538464,1.0,25,382.37416230702615,ok,GSM9226202,P16_LUAD,LUAD,epithelial_progenitor_like,control_LIFR,0.75,1.0,7736,1934,1934,675,0.3490175801447777,0.3981385729058945,LIFR,LIFR single-gene control,source_near_epithelial_progenitor,LIFR,False
0.6411582213029989,0.3835780765253361,0.012013309117808802,0.25758014477766283,0.038461538461538464,1.0,25,382.37416230702615,ok,GSM9226202,P16_LUAD,LUAD,epithelial_progenitor_like,control_CITED2,0.75,1.0,7736,1934,1934,1075,0.5558428128231644,0.6302998965873836,CITED2,CITED2 single-gene control,source_near_epithelial_progenitor,CITED2,False
0.7786970010341262,0.3808066184074457,0.010452819510578736,0.3978903826266805,0.038461538461538464,1.0,25,382.37416230702615,ok,GSM9226202,P16_LUAD,LUAD,epithelial_progenitor_like,control_DDX46,0.75,1.0,7736,1934,1934,1323,0.6840744570837642,0.7518097207859359,DDX46,DDX46 single-gene control,source_near_epithelial_progenitor,DDX46,False
0.7704239917269907,0.3841985522233712,0.013067552538705283,0.38622543950361954,0.038461538461538464,1.0,25,382.37416230702615,ok,GSM9226202,P16_LUAD,LUAD,epithelial_progenitor_like,control_PPM1A,0.75,1.0,7736,1934,1934,1307,0.6758014477766288,0.749741468459152,PPM1A,PPM1A single-gene control,source_near_epithelial_progenitor,PPM1A,False
0.7295760082730093,0.3821923474663908,0.014293996683136122,0.3473836608066185,0.038461538461538464,1.0,25,382.37416230702615,ok,GSM9226202,P16_LUAD,LUAD,epithelial_progenitor_like,control_UXT,0.75,1.0,7736,1934,1934,1173,0.6065149948293692,0.6835573940020683,UXT,UXT single-gene control,source_near_epithelial_progenitor,UXT,False
0.7368148914167528,0.3866804550155119,0.013516923005966556,0.3501344364012409,0.038461538461538464,1.0,25,382.37416230702615,ok,GSM9226202,P16_LUAD,LUAD,epithelial_progenitor_like,control_SETD3,0.75,1.0,7736,1934,1934,1185,0.6127197518097208,0.6747673216132368,SETD3,SETD3 single-gene control,source_near_epithelial_progenitor,SETD3,False
0.8314374353671148,0.3850879007238883,0.007587919075054431,0.44634953464322646,0.038461538461538464,1.0,25,382.37416230702615,ok,GSM9226202,P16_LUAD,LUAD,epithelial_progenitor_like,control_TRIM27,0.75,1.0,7736,1934,1934,1454,0.7518097207859359,0.8185108583247156,TRIM27,TRIM27 single-gene control,source_near_epithelial_progenitor,TRIM27,False
0.7445708376421923,0.3817786970010342,0.012947139798105323,0.36279214064115817,0.038461538461538464,1.0,25,382.37416230702615,ok,GSM9226202,P16_LUAD,LUAD,epithelial_progenitor_like,control_DERL1,0.75,1.0,7736,1934,1934,1199,0.6199586349534644,0.6866597724922441,DERL1,DERL1 single-gene control,source_near_epithelial_progenitor,DERL1,False
0.42140641158221304,0.38543950361944146,0.01143114878283919,0.03596690796277158,0.038461538461538464,1.0,25,382.37416230702615,ok,GSM9226202,P16_LUAD,LUAD,epithelial_progenitor_like,control_MS4A7,0.75,1.0,7736,1934,1934,568,0.2936918304033092,0.36970010341261633,MS4A7,MS4A7 single-gene control,source_near_epithelial_progenitor,MS4A7,False
0.7461220268872802,0.3887693898655636,0.013190447108168458,0.35735263702171666,0.038461538461538464,1.0,25,382.37416230702615,ok,GSM9226202,P16_LUAD,LUAD,epithelial_progenitor_like,control_PHF10,0.75,1.0,7736,1934,1934,1205,0.6230610134436402,0.6856256463288521,PHF10,PHF10 single-gene control,source_near_epithelial_progenitor,PHF10,False
0.812306101344364,0.3877973112719752,0.008376049544665415,0.4245087900723888,0.038461538461538464,1.0,25,382.37416230702615,ok,GSM9226202,P16_LUAD,LUAD,epithelial_progenitor_like,control_RAB1B,0.75,1.0,7736,1934,1934,1389,0.718200620475698,0.7828335056876939,RAB1B,RAB1B single-gene control,source_near_epithelial_progenitor,RAB1B,False
0.7755946225439504,0.38639089968976215,0.011907915248558705,0.38920372285418825,0.038461538461538464,1.0,25,382.37416230702615,ok,GSM9226202,P16_LUAD,LUAD,epithelial_progenitor_like,control_PRDX1,0.75,1.0,7736,1934,1934,1261,0.6520165460186143,0.7223371251292657,PRDX1,PRDX1 single-gene control,source_near_epithelial_progenitor,PRDX1,False
0.6639089968976215,0.3869493278179938,0.008241819005046405,0.2769596690796277,0.038461538461538464,1.0,25,382.37416230702615,ok,GSM9226202,P16_LUAD,LUAD,epithelial_progenitor_like,control_SPRY2,0.75,1.0,7736,1934,1934,1037,0.5361944157187177,0.5972078593588418,SPRY2,SPRY2 single-gene control,source_near_epithelial_progenitor,SPRY2,False
0.7781799379524302,0.38723888314374355,0.01256998678742923,0.3909410548086867,0.038461538461538464,1.0,25,382.37416230702615,ok,GSM9226202,P16_LUAD,LUAD,epithelial_progenitor_like,control_BSG,0.75,1.0,7736,1934,1934,1281,0.6623578076525336,0.7306101344364012,BSG,BSG single-gene control,source_near_epithelial_progenitor,BSG,False
0.15848214285714285,0.11898437500000002,0.006060791956422083,0.03949776785714283,0.038461538461538464,1.0,25,382.05889598332874,ok,GSM9226203,P17_AIS,AIS,epithelial_progenitor_like,control_MIF,0.75,1.0,14336,3584,1041,374,0.10435267857142858,0.42363112391930835,MIF,MIF single-gene control,source_near_epithelial_progenitor,MIF,True
0.341796875,0.27796875,0.008527286641317756,0.06382812500000001,0.038461538461538464,1.0,25,382.05889598332874,ok,GSM9226203,P17_AIS,AIS,epithelial_progenitor_like,control_PRKDC,0.75,1.0,14336,3584,2553,865,0.24135044642857142,0.409322365844105,PRKDC,PRKDC single-gene control,source_near_epithelial_progenitor,PRKDC,False
0.41294642857142855,0.3694419642857143,0.006657524327790089,0.04350446428571425,0.038461538461538464,1.0,25,382.05889598332874,ok,GSM9226203,P17_AIS,AIS,epithelial_progenitor_like,control_PHACTR2,0.75,1.0,14336,3584,3483,1096,0.30580357142857145,0.37410278495549815,PHACTR2,PHACTR2 single-gene control,source_near_epithelial_progenitor,PHACTR2,False
0.38783482142857145,0.3056808035714285,0.007899655354342672,0.08215401785714294,0.038461538461538464,1.0,25,382.05889598332874,ok,GSM9226203,P17_AIS,AIS,epithelial_progenitor_like,control_RMND5A,0.75,1.0,14336,3584,2845,1013,0.2826450892857143,0.4210896309314587,RMND5A,RMND5A single-gene control,source_near_epithelial_progenitor,RMND5A,False
0.46763392857142855,0.37285714285714294,0.0068120368438678485,0.0947767857142856,0.038461538461538464,1.0,25,382.05889598332874,ok,GSM9226203,P17_AIS,AIS,epithelial_progenitor_like,control_CKB,0.75,1.0,14336,3584,3584,1274,0.35546875,0.42689732142857145,CKB,CKB single-gene control,source_near_epithelial_progenitor,CKB,False
0.34151785714285715,0.23858258928571427,0.007575955692076392,0.10293526785714288,0.038461538461538464,1.0,25,382.05889598332874,ok,GSM9226203,P17_AIS,AIS,epithelial_progenitor_like,control_KIF13B,0.75,1.0,14336,3584,2171,856,0.23883928571428573,0.45969599263012434,KIF13B,KIF13B single-gene control,source_near_epithelial_progenitor,KIF13B,False
0.40987723214285715,0.3725669642857143,0.009344154875955838,0.037310267857142865,0.038461538461538464,1.0,25,382.05889598332874,ok,GSM9226203,P17_AIS,AIS,epithelial_progenitor_like,control_NR2F2,0.75,1.0,14336,3584,3584,1088,0.30357142857142855,0.36551339285714285,NR2F2,NR2F2 single-gene control,source_near_epithelial_progenitor,NR2F2,False
0.373046875,0.37441964285714285,0.008918727716345587,-0.0013727678571428537,0.6538461538461539,0.4230769230769231,25,382.05889598332874,ok,GSM9226203,P17_AIS,AIS,epithelial_progenitor_like,control_LIFR,0.75,1.0,14336,3584,3584,990,0.27622767857142855,0.34068080357142855,LIFR,LIFR single-gene control,source_near_epithelial_progenitor,LIFR,False
0.46847098214285715,0.3752678571428572,0.00782141352164954,0.09320312499999994,0.038461538461538464,1.0,25,382.05889598332874,ok,GSM9226203,P17_AIS,AIS,epithelial_progenitor_like,control_CITED2,0.75,1.0,14336,3584,3584,1306,0.36439732142857145,0.42578125,CITED2,CITED2 single-gene control,source_near_epithelial_progenitor,CITED2,False
0.4829799107142857,0.3653013392857143,0.006943416043555288,0.11767857142857141,0.038461538461538464,1.0,25,382.05889598332874,ok,GSM9226203,P17_AIS,AIS,epithelial_progenitor_like,control_DDX46,0.75,1.0,14336,3584,3479,1334,0.37220982142857145,0.451279103190572,DDX46,DDX46 single-gene control,source_near_epithelial_progenitor,DDX46,False
0.4556361607142857,0.36253348214285713,0.00731001936373366,0.09310267857142857,0.038461538461538464,1.0,25,382.05889598332874,ok,GSM9226203,P17_AIS,AIS,epithelial_progenitor_like,control_PPM1A,0.75,1.0,14336,3584,3491,1237,0.3451450892857143,0.41678602119736463,PPM1A,PPM1A single-gene control,source_near_epithelial_progenitor,PPM1A,False
0.29659598214285715,0.2281696428571429,0.007930065143607994,0.06842633928571426,0.038461538461538464,1.0,25,382.05889598332874,ok,GSM9226203,P17_AIS,AIS,epithelial_progenitor_like,control_UXT,0.75,1.0,14336,3584,2073,748,0.20870535714285715,0.4240231548480463,UXT,UXT single-gene control,source_near_epithelial_progenitor,UXT,False
0.46847098214285715,0.37333705357142855,0.009044253839674967,0.0951339285714286,0.038461538461538464,1.0,25,382.05889598332874,ok,GSM9226203,P17_AIS,AIS,epithelial_progenitor_like,control_SETD3,0.75,1.0,14336,3584,3584,1259,0.35128348214285715,0.41489955357142855,SETD3,SETD3 single-gene control,source_near_epithelial_progenitor,SETD3,False
0.49581473214285715,0.3724888392857143,0.0060874509568279635,0.12332589285714285,0.038461538461538464,1.0,25,382.05889598332874,ok,GSM9226203,P17_AIS,AIS,epithelial_progenitor_like,control_TRIM27,0.75,1.0,14336,3584,3584,1396,0.38950892857142855,0.45089285714285715,TRIM27,TRIM27 single-gene control,source_near_epithelial_progenitor,TRIM27,False
0.48660714285714285,0.37187499999999996,0.007241933431201923,0.1147321428571429,0.038461538461538464,1.0,25,382.05889598332874,ok,GSM9226203,P17_AIS,AIS,epithelial_progenitor_like,control_DERL1,0.75,1.0,14336,3584,3584,1360,0.3794642857142857,0.43917410714285715,DERL1,DERL1 single-gene control,source_near_epithelial_progenitor,DERL1,False
0.36997767857142855,0.37255580357142853,0.007994433743705278,-0.0025781249999999867,0.6923076923076923,0.34615384615384615,25,382.05889598332874,ok,GSM9226203,P17_AIS,AIS,epithelial_progenitor_like,control_MS4A7,0.75,1.0,14336,3584,3584,937,0.26143973214285715,0.3325892857142857,MS4A7,MS4A7 single-gene control,source_near_epithelial_progenitor,MS4A7,False
0.29073660714285715,0.23372767857142857,0.006527527206970427,0.057008928571428585,0.038461538461538464,1.0,25,382.05889598332874,ok,GSM9226203,P17_AIS,AIS,epithelial_progenitor_like,control_PHF10,0.75,1.0,14336,3584,2136,730,0.20368303571428573,0.4035580524344569,PHF10,PHF10 single-gene control,source_near_epithelial_progenitor,PHF10,False
0.44140625,0.3450669642857143,0.007807316520214305,0.09633928571428568,0.038461538461538464,1.0,25,382.05889598332874,ok,GSM9226203,P17_AIS,AIS,epithelial_progenitor_like,control_RAB1B,0.75,1.0,14336,3584,3266,1164,0.3247767857142857,0.4225352112676056,RAB1B,RAB1B single-gene control,source_near_epithelial_progenitor,RAB1B,False
0.12583705357142858,0.09216517857142857,0.005309727660165089,0.033671875000000004,0.038461538461538464,1.0,25,382.05889598332874,ok,GSM9226203,P17_AIS,AIS,epithelial_progenitor_like,control_PRDX1,0.75,1.0,14336,3584,798,283,0.07896205357142858,0.41228070175438597,PRDX1,PRDX1 single-gene control,source_near_epithelial_progenitor,PRDX1,False
0.29408482142857145,0.20808035714285716,0.006998325573962634,0.08600446428571429,0.038461538461538464,1.0,25,382.05889598332874,ok,GSM9226203,P17_AIS,AIS,epithelial_progenitor_like,control_SPRY2,0.75,1.0,14336,3584,1876,741,0.20675223214285715,0.453091684434968,SPRY2,SPRY2 single-gene control,source_near_epithelial_progenitor,SPRY2,False
0.4857700892857143,0.3728794642857143,0.007215008315929871,0.11289062500000002,0.038461538461538464,1.0,25,382.05889598332874,ok,GSM9226203,P17_AIS,AIS,epithelial_progenitor_like,control_BSG,0.75,1.0,14336,3584,3584,1361,0.37974330357142855,0.44308035714285715,BSG,BSG single-gene control,source_near_epithelial_progenitor,BSG,False
0.4667061260728026,0.3429772121929565,0.007770998836005079,0.12372891387984608,0.038461538461538464,1.0,25,382.890323722081,ok,GSM9226204,P17_LUAD,LUAD,epithelial_progenitor_like,control_MIF,0.75,1.0,13515,3379,3021,1228,0.36342113051198577,0.4879179079774909,MIF,MIF single-gene control,source_near_epithelial_progenitor,MIF,True
0.45989937851435336,0.37154187629476176,0.00983103605441383,0.0883575022195916,0.038461538461538464,1.0,25,382.890323722081,ok,GSM9226204,P17_LUAD,LUAD,epithelial_progenitor_like,control_PRKDC,0.75,1.0,13515,3379,3379,1194,0.3533589819473217,0.42586564072210714,PRKDC,PRKDC single-gene control,source_near_epithelial_progenitor,PRKDC,False
0.4229061852619118,0.3744894939331163,0.0074281742515603065,0.0484166913287955,0.038461538461538464,1.0,25,382.890323722081,ok,GSM9226204,P17_LUAD,LUAD,epithelial_progenitor_like,control_PHACTR2,0.75,1.0,13515,3379,3379,1051,0.31103876886652854,0.39064812074578276,PHACTR2,PHACTR2 single-gene control,source_near_epithelial_progenitor,PHACTR2,False
0.46108316069843147,0.37272565847883987,0.008095377505558877,0.0883575022195916,0.038461538461538464,1.0,25,382.890323722081,ok,GSM9226204,P17_LUAD,LUAD,epithelial_progenitor_like,control_RMND5A,0.75,1.0,13515,3379,3379,1214,0.35927789286771233,0.42882509618230247,RMND5A,RMND5A single-gene control,source_near_epithelial_progenitor,RMND5A,False
0.3965670316661734,0.37305711749038184,0.007055307058314967,0.02350991417579157,0.038461538461538464,1.0,25,382.890323722081,ok,GSM9226204,P17_LUAD,LUAD,epithelial_progenitor_like,control_CKB,0.75,1.0,13515,3379,3379,968,0.28647528854690735,0.3725954424385913,CKB,CKB single-gene control,source_near_epithelial_progenitor,CKB,False
0.48446285883397455,0.3736134951168985,0.007435579083775468,0.11084936371707604,0.038461538461538464,1.0,25,382.890323722081,ok,GSM9226204,P17_LUAD,LUAD,epithelial_progenitor_like,control_KIF13B,0.75,1.0,13515,3379,3379,1324,0.3918319029298609,0.4675939627108612,KIF13B,KIF13B single-gene control,source_near_epithelial_progenitor,KIF13B,False
0.37496300680674755,0.37547203314590105,0.00703066383971206,-0.0005090263391535066,0.5384615384615384,0.5384615384615384,25,382.890323722081,ok,GSM9226204,P17_LUAD,LUAD,epithelial_progenitor_like,control_NR2F2,0.75,1.0,13515,3379,3379,900,0.2663509914175792,0.3533589819473217,NR2F2,NR2F2 single-gene control,source_near_epithelial_progenitor,NR2F2,False
0.39745486830423205,0.37443030482391243,0.006756163074493725,0.023024563480319615,0.038461538461538464,1.0,25,382.890323722081,ok,GSM9226204,P17_LUAD,LUAD,epithelial_progenitor_like,control_LIFR,0.75,1.0,13515,3379,3379,994,0.2941698727434152,0.369635986978396,LIFR,LIFR single-gene control,source_near_epithelial_progenitor,LIFR,False
0.506954720331459,0.3758271678011246,0.007450209926106226,0.13112755253033448,0.038461538461538464,1.0,25,382.890323722081,ok,GSM9226204,P17_LUAD,LUAD,epithelial_progenitor_like,control_CITED2,0.75,1.0,13515,3379,3379,1423,0.4211305119857946,0.4912696063924238,CITED2,CITED2 single-gene control,source_near_epithelial_progenitor,CITED2,False
0.5276709085528263,0.3735898194732169,0.006979276142179674,0.15408108907960938,0.038461538461538464,1.0,25,382.890323722081,ok,GSM9226204,P17_LUAD,LUAD,epithelial_progenitor_like,control_DDX46,0.75,1.0,13515,3379,3379,1482,0.438591299200947,0.5081385025155372,DDX46,DDX46 single-gene control,source_near_epithelial_progenitor,DDX46,False
0.4590115418762948,0.3737555489789879,0.008526074246775511,0.0852559928973069,0.038461538461538464,1.0,25,382.890323722081,ok,GSM9226204,P17_LUAD,LUAD,epithelial_progenitor_like,control_PPM1A,0.75,1.0,13515,3379,3379,1200,0.3551346552234389,0.43060076945841963,PPM1A,PPM1A single-gene control,source_near_epithelial_progenitor,PPM1A,False
0.45190884877182597,0.37295057709381474,0.008447850150529611,0.07895827167801123,0.038461538461538464,1.0,25,382.890323722081,ok,GSM9226204,P17_LUAD,LUAD,epithelial_progenitor_like,control_UXT,0.75,1.0,13515,3379,3378,1152,0.3409292690145013,0.41711071640023684,UXT,UXT single-gene control,source_near_epithelial_progenitor,UXT,False
0.46226694288250963,0.3773424089967447,0.008210146776733247,0.08492453388576493,0.038461538461538464,1.0,25,382.890323722081,ok,GSM9226204,P17_LUAD,LUAD,epithelial_progenitor_like,control_SETD3,0.75,1.0,13515,3379,3379,1179,0.3489197987570287,0.43237644273453685,SETD3,SETD3 single-gene control,source_near_epithelial_progenitor,SETD3,False
0.5255992897306896,0.37340041432376453,0.00686946499674656,0.15219887540692506,0.038461538461538464,1.0,25,382.890323722081,ok,GSM9226204,P17_LUAD,LUAD,epithelial_progenitor_like,control_TRIM27,0.75,1.0,13515,3379,3379,1434,0.42438591299200945,0.5004439183190293,TRIM27,TRIM27 single-gene control,source_near_epithelial_progenitor,TRIM27,False
0.5042912104172832,0.3753181414619709,0.007112961568850883,0.1289730689553123,0.038461538461538464,1.0,25,382.890323722081,ok,GSM9226204,P17_LUAD,LUAD,epithelial_progenitor_like,control_DERL1,0.75,1.0,13515,3379,3379,1365,0.40396567031666175,0.4850547499260136,DERL1,DERL1 single-gene control,source_near_epithelial_progenitor,DERL1,False
0.42852915063628294,0.3737081976916247,0.006491312179739004,0.05482095294465822,0.038461538461538464,1.0,25,382.890323722081,ok,GSM9226204,P17_LUAD,LUAD,epithelial_progenitor_like,control_MS4A7,0.75,1.0,13515,3379,3379,1113,0.32938739271973955,0.41313998224326726,MS4A7,MS4A7 single-gene control,source_near_epithelial_progenitor,MS4A7,False
0.4590115418762948,0.3770464634507251,0.007651532683982107,0.08196507842556966,0.038461538461538464,1.0,25,382.890323722081,ok,GSM9226204,P17_LUAD,LUAD,epithelial_progenitor_like,control_PHF10,0.75,1.0,13515,3379,3379,1182,0.3498076353950873,0.4276413139982243,PHF10,PHF10 single-gene control,source_near_epithelial_progenitor,PHF10,False
0.4874223142941699,0.3776620301864457,0.009396492460101933,0.1097602841077242,0.038461538461538464,1.0,25,382.890323722081,ok,GSM9226204,P17_LUAD,LUAD,epithelial_progenitor_like,control_RAB1B,0.75,1.0,13515,3379,3379,1256,0.3717076058005327,0.45338857650192366,RAB1B,RAB1B single-gene control,source_near_epithelial_progenitor,RAB1B,False
0.34300088783663807,0.2284817993489198,0.005943202594085665,0.11451908848771827,0.038461538461538464,1.0,25,382.890323722081,ok,GSM9226204,P17_LUAD,LUAD,epithelial_progenitor_like,control_PRDX1,0.75,1.0,13515,3379,1943,829,0.24533885765019237,0.5023160061760165,PRDX1,PRDX1 single-gene control,source_near_epithelial_progenitor,PRDX1,False
0.5105060668836934,0.3745723586860018,0.009639726776539069,0.13593370819769157,0.038461538461538464,1.0,25,382.890323722081,ok,GSM9226204,P17_LUAD,LUAD,epithelial_progenitor_like,control_SPRY2,0.75,1.0,13515,3379,3379,1399,0.41402781888132584,0.484166913287955,SPRY2,SPRY2 single-gene control,source_near_epithelial_progenitor,SPRY2,False
0.5738384137318734,0.37434744007102694,0.008243168164721934,0.19949097366084645,0.038461538461538464,1.0,25,382.890323722081,ok,GSM9226204,P17_LUAD,LUAD,epithelial_progenitor_like,control_BSG,0.75,1.0,13515,3379,3379,1617,0.4785439479135839,0.5498668245042913,BSG,BSG single-gene control,source_near_epithelial_progenitor,BSG,False
0.6371533578349482,0.3599064483795522,0.008923067397977708,0.277246909455396,0.038461538461538464,1.0,25,394.9696190848101,ok,GSM9226206,P18_LUAD,LUAD,epithelial_progenitor_like,control_MIF,0.75,1.0,11971,2993,2993,1621,0.5415970598062145,0.5833611760775143,MIF,MIF single-gene control,source_near_epithelial_progenitor,MIF,True
0.557968593384564,0.36060140327430673,0.00970726964053382,0.19736719011025722,0.038461538461538464,1.0,25,394.9696190848101,ok,GSM9226206,P18_LUAD,LUAD,epithelial_progenitor_like,control_PRKDC,0.75,1.0,11971,2993,2993,1319,0.4406949548947544,0.49148012028065485,PRKDC,PRKDC single-gene control,source_near_epithelial_progenitor,PRKDC,False
0.45172068159037754,0.3585566321416639,0.008724698820790074,0.09316404944871365,0.038461538461538464,1.0,25,394.9696190848101,ok,GSM9226206,P18_LUAD,LUAD,epithelial_progenitor_like,control_PHACTR2,0.75,1.0,11971,2993,2993,1027,0.34313397928499834,0.3812228533244237,PHACTR2,PHACTR2 single-gene control,source_near_epithelial_progenitor,PHACTR2,False
0.49047778149014365,0.36167056465085196,0.008719067257304614,0.1288072168392917,0.038461538461538464,1.0,25,394.9696190848101,ok,GSM9226206,P18_LUAD,LUAD,epithelial_progenitor_like,control_RMND5A,0.75,1.0,11971,2993,2993,1141,0.3812228533244237,0.42165051787504176,RMND5A,RMND5A single-gene control,source_near_epithelial_progenitor,RMND5A,False
0.45005011693952557,0.3580220514533912,0.009917527634184832,0.09202806548613435,0.038461538461538464,1.0,25,394.9696190848101,ok,GSM9226206,P18_LUAD,LUAD,epithelial_progenitor_like,control_CKB,0.75,1.0,11971,2993,2993,1065,0.35583027063147343,0.3919144670898764,CKB,CKB single-gene control,source_near_epithelial_progenitor,CKB,False
0.4647510858670231,0.36153691947878386,0.009234017458854703,0.10321416638823921,0.038461538461538464,1.0,25,394.9696190848101,ok,GSM9226206,P18_LUAD,LUAD,epithelial_progenitor_like,control_KIF13B,0.75,1.0,11971,2993,2993,1064,0.35549615770130305,0.3982626127631139,KIF13B,KIF13B single-gene control,source_near_epithelial_progenitor,KIF13B,False
0.4052789842966923,0.35762111593718676,0.007281107049446869,0.04765786835950553,0.038461538461538464,1.0,25,394.9696190848101,ok,GSM9226206,P18_LUAD,LUAD,epithelial_progenitor_like,control_NR2F2,0.75,1.0,11971,2993,2993,894,0.29869695957233544,0.34279986635482795,NR2F2,NR2F2 single-gene control,source_near_epithelial_progenitor,NR2F2,False
0.3364517206815904,0.3564584029401938,0.007652644970247797,-0.020006682258603414,1.0,0.038461538461538464,25,394.9696190848101,ok,GSM9226206,P18_LUAD,LUAD,epithelial_progenitor_like,control_LIFR,0.75,1.0,11971,2993,2993,763,0.25492816572001337,0.28934179752756434,LIFR,LIFR single-gene control,source_near_epithelial_progenitor,LIFR,False
0.6802539258269295,0.35788840628132307,0.0069729349849107745,0.3223655195456064,0.038461538461538464,1.0,25,394.9696190848101,ok,GSM9226206,P18_LUAD,LUAD,epithelial_progenitor_like,control_CITED2,0.75,1.0,11971,2993,2993,1743,0.582358837287003,0.6257935182091547,CITED2,CITED2 single-gene control,source_near_epithelial_progenitor,CITED2,False
0.6652188439692616,0.3610424323421316,0.009023626778200101,0.30417641162712994,0.038461538461538464,1.0,25,394.9696190848101,ok,GSM9226206,P18_LUAD,LUAD,epithelial_progenitor_like,control_DDX46,0.75,1.0,11971,2993,2993,1656,0.5532910123621784,0.6007350484463748,DDX46,DDX46 single-gene control,source_near_epithelial_progenitor,DDX46,False
0.5566321416638824,0.35981289675910455,0.008922504410665373,0.19681924490477787,0.038461538461538464,1.0,25,394.9696190848101,ok,GSM9226206,P18_LUAD,LUAD,epithelial_progenitor_like,control_PPM1A,0.75,1.0,11971,2993,2993,1319,0.4406949548947544,0.49248245907116606,PPM1A,PPM1A single-gene control,source_near_epithelial_progenitor,PPM1A,False
0.5980621450050116,0.3596257935182092,0.007876424447837446,0.23843635148680242,0.038461538461538464,1.0,25,394.9696190848101,ok,GSM9226206,P18_LUAD,LUAD,epithelial_progenitor_like,control_UXT,0.75,1.0,11971,2993,2993,1450,0.48446374874707654,0.5322418977614434,UXT,UXT single-gene control,source_near_epithelial_progenitor,UXT,False
0.48813899097895086,0.361523554961577,0.008893556524745792,0.12661543601737385,0.038461538461538464,1.0,25,394.9696190848101,ok,GSM9226206,P18_LUAD,LUAD,epithelial_progenitor_like,control_SETD3,0.75,1.0,11971,2993,2993,1142,0.38155696625459407,0.42265285666555297,SETD3,SETD3 single-gene control,source_near_epithelial_progenitor,SETD3,False
0.6996324757768125,0.36069495489475445,0.008564029830050716,0.3389375208820581,0.038461538461538464,1.0,25,394.9696190848101,ok,GSM9226206,P18_LUAD,LUAD,epithelial_progenitor_like,control_TRIM27,0.75,1.0,11971,2993,2993,1811,0.60507851653859,0.6488473103909121,TRIM27,TRIM27 single-gene control,source_near_epithelial_progenitor,TRIM27,False
0.6515202138322753,0.3592649515536251,0.008351442139967013,0.29225526227865023,0.038461538461538464,1.0,25,394.9696190848101,ok,GSM9226206,P18_LUAD,LUAD,epithelial_progenitor_like,control_DERL1,0.75,1.0,11971,2993,2993,1616,0.5399264951553625,0.5913798864016038,DERL1,DERL1 single-gene control,source_near_epithelial_progenitor,DERL1,False
0.46274640828600067,0.35967925158703634,0.009343281559399428,0.10306715669896432,0.038461538461538464,1.0,25,394.9696190848101,ok,GSM9226206,P18_LUAD,LUAD,epithelial_progenitor_like,control_MS4A7,0.75,1.0,11971,2993,2993,1057,0.35315736719011026,0.40795188773805546,MS4A7,MS4A7 single-gene control,source_near_epithelial_progenitor,MS4A7,False
0.5790177079852991,0.3602806548613431,0.011008298550557582,0.21873705312395597,0.038461538461538464,1.0,25,394.9696190848101,ok,GSM9226206,P18_LUAD,LUAD,epithelial_progenitor_like,control_PHF10,0.75,1.0,11971,2993,2993,1417,0.4734380220514534,0.520213832275309,PHF10,PHF10 single-gene control,source_near_epithelial_progenitor,PHF10,False
0.6374874707651186,0.36102906782492483,0.006496671068399111,0.27645840294019375,0.038461538461538464,1.0,25,394.9696190848101,ok,GSM9226206,P18_LUAD,LUAD,epithelial_progenitor_like,control_RAB1B,0.75,1.0,11971,2993,2993,1583,0.5289007684597394,0.5753424657534246,RAB1B,RAB1B single-gene control,source_near_epithelial_progenitor,RAB1B,False
0.6825927163381222,0.3579418643501504,0.010412912359348747,0.32465085198797183,0.038461538461538464,1.0,25,394.9696190848101,ok,GSM9226206,P18_LUAD,LUAD,epithelial_progenitor_like,control_PRDX1,0.75,1.0,11971,2993,2993,1752,0.5853658536585366,0.6294687604410291,PRDX1,PRDX1 single-gene control,source_near_epithelial_progenitor,PRDX1,False
0.5389241563648514,0.3628867357166722,0.008854160755054347,0.17603742064817918,0.038461538461538464,1.0,25,394.9696190848101,ok,GSM9226206,P18_LUAD,LUAD,epithelial_progenitor_like,control_SPRY2,0.75,1.0,11971,2993,2993,1278,0.4269963247577681,0.46842632809889745,SPRY2,SPRY2 single-gene control,source_near_epithelial_progenitor,SPRY2,False
0.6318075509522219,0.3580086869361845,0.010426928890997795,0.27379886401603737,0.038461538461538464,1.0,25,394.9696190848101,ok,GSM9226206,P18_LUAD,LUAD,epithelial_progenitor_like,control_BSG,0.75,1.0,11971,2993,2993,1538,0.5138656866020715,0.5583027063147343,BSG,BSG single-gene control,source_near_epithelial_progenitor,BSG,False
0.6722017220172202,0.3918204182041821,0.00919771802959186,0.28038130381303805,0.038461538461538464,1.0,25,395.05062966662894,ok,GSM9226205,P18_MIA,MIA,epithelial_progenitor_like,control_MIF,0.75,1.0,13006,3252,3198,1756,0.5399753997539976,0.5938086303939962,MIF,MIF single-gene control,source_near_epithelial_progenitor,MIF,True
0.6645141451414515,0.39023370233702337,0.010534123645046257,0.2742804428044281,0.038461538461538464,1.0,25,395.05062966662894,ok,GSM9226205,P18_MIA,MIA,epithelial_progenitor_like,control_PRKDC,0.75,1.0,13006,3252,3172,1700,0.5227552275522755,0.5866960907944514,PRKDC,PRKDC single-gene control,source_near_epithelial_progenitor,PRKDC,False
0.5064575645756457,0.39682656826568263,0.009540494551469731,0.10963099630996309,0.038461538461538464,1.0,25,395.05062966662894,ok,GSM9226205,P18_MIA,MIA,epithelial_progenitor_like,control_PHACTR2,0.75,1.0,13006,3252,3252,1168,0.3591635916359164,0.41205412054120544,PHACTR2,PHACTR2 single-gene control,source_near_epithelial_progenitor,PHACTR2,False
0.5541205412054121,0.31717097170971714,0.008262663511261904,0.23694956949569496,0.038461538461538464,1.0,25,395.05062966662894,ok,GSM9226205,P18_MIA,MIA,epithelial_progenitor_like,control_RMND5A,0.75,1.0,13006,3252,2532,1318,0.4052890528905289,0.5710900473933649,RMND5A,RMND5A single-gene control,source_near_epithelial_progenitor,RMND5A,False
0.5599630996309963,0.3969618696186961,0.009539585977777662,0.1630012300123002,0.038461538461538464,1.0,25,395.05062966662894,ok,GSM9226205,P18_MIA,MIA,epithelial_progenitor_like,control_CKB,0.75,1.0,13006,3252,3252,1345,0.41359163591635917,0.470479704797048,CKB,CKB single-gene control,source_near_epithelial_progenitor,CKB,False
0.5230627306273062,0.30344403444034446,0.008717409369011116,0.21961869618696178,0.038461538461538464,1.0,25,395.05062966662894,ok,GSM9226205,P18_MIA,MIA,epithelial_progenitor_like,control_KIF13B,0.75,1.0,13006,3252,2417,1204,0.37023370233702335,0.5465453040959868,KIF13B,KIF13B single-gene control,source_near_epithelial_progenitor,KIF13B,False
0.5974784747847478,0.3851660516605166,0.007596363342182233,0.2123124231242312,0.038461538461538464,1.0,25,395.05062966662894,ok,GSM9226205,P18_MIA,MIA,epithelial_progenitor_like,control_NR2F2,0.75,1.0,13006,3252,3134,1420,0.43665436654366546,0.5063816209317167,NR2F2,NR2F2 single-gene control,source_near_epithelial_progenitor,NR2F2,False
0.4646371463714637,0.39509225092250916,0.008336056162970474,0.06954489544895454,0.038461538461538464,1.0,25,395.05062966662894,ok,GSM9226205,P18_MIA,MIA,epithelial_progenitor_like,control_LIFR,0.75,1.0,13006,3252,3252,1052,0.3234932349323493,0.38899138991389914,LIFR,LIFR single-gene control,source_near_epithelial_progenitor,LIFR,False
0.6765067650676507,0.39377613776137754,0.0076382591916768095,0.2827306273062732,0.038461538461538464,1.0,25,395.05062966662894,ok,GSM9226205,P18_MIA,MIA,epithelial_progenitor_like,control_CITED2,0.75,1.0,13006,3252,3252,1824,0.5608856088560885,0.6057810578105781,CITED2,CITED2 single-gene control,source_near_epithelial_progenitor,CITED2,False
0.6528290282902829,0.3944034440344404,0.009449154712674941,0.2584255842558425,0.038461538461538464,1.0,25,395.05062966662894,ok,GSM9226205,P18_MIA,MIA,epithelial_progenitor_like,control_DDX46,0.75,1.0,13006,3252,3252,1725,0.5304428044280443,0.5756457564575646,DDX46,DDX46 single-gene control,source_near_epithelial_progenitor,DDX46,False
0.5897908979089791,0.3975522755227552,0.00684593288611968,0.1922386223862239,0.038461538461538464,1.0,25,395.05062966662894,ok,GSM9226205,P18_MIA,MIA,epithelial_progenitor_like,control_PPM1A,0.75,1.0,13006,3252,3252,1415,0.4351168511685117,0.48769987699877,PPM1A,PPM1A single-gene control,source_near_epithelial_progenitor,PPM1A,False
0.6159286592865929,0.3556088560885609,0.008196115533103412,0.260319803198032,0.038461538461538464,1.0,25,395.05062966662894,ok,GSM9226205,P18_MIA,MIA,epithelial_progenitor_like,control_UXT,0.75,1.0,13006,3252,2873,1528,0.4698646986469865,0.5823181343543334,UXT,UXT single-gene control,source_near_epithelial_progenitor,UXT,False
0.5107626076260763,0.39713407134071343,0.009282196499876598,0.11362853628536285,0.038461538461538464,1.0,25,395.05062966662894,ok,GSM9226205,P18_MIA,MIA,epithelial_progenitor_like,control_SETD3,0.75,1.0,13006,3252,3252,1182,0.3634686346863469,0.42066420664206644,SETD3,SETD3 single-gene control,source_near_epithelial_progenitor,SETD3,False
0.6592865928659286,0.3828167281672817,0.009938472110550017,0.2764698646986469,0.038461538461538464,1.0,25,395.05062966662894,ok,GSM9226205,P18_MIA,MIA,epithelial_progenitor_like,control_TRIM27,0.75,1.0,13006,3252,3135,1712,0.5264452644526445,0.5901116427432217,TRIM27,TRIM27 single-gene control,source_near_epithelial_progenitor,TRIM27,False
0.6174661746617466,0.36686346863468633,0.007288471590021474,0.25060270602706025,0.038461538461538464,1.0,25,395.05062966662894,ok,GSM9226205,P18_MIA,MIA,epithelial_progenitor_like,control_DERL1,0.75,1.0,13006,3252,2990,1546,0.47539975399754,0.565886287625418,DERL1,DERL1 single-gene control,source_near_epithelial_progenitor,DERL1,False
0.557810578105781,0.3945633456334563,0.009727066444692917,0.16324723247232475,0.038461538461538464,1.0,25,395.05062966662894,ok,GSM9226205,P18_MIA,MIA,epithelial_progenitor_like,control_MS4A7,0.75,1.0,13006,3252,3252,1338,0.4114391143911439,0.4670971709717097,MS4A7,MS4A7 single-gene control,source_near_epithelial_progenitor,MS4A7,False
0.5867158671586716,0.3950922509225092,0.013308371676314207,0.19162361623616242,0.038461538461538464,1.0,25,395.05062966662894,ok,GSM9226205,P18_MIA,MIA,epithelial_progenitor_like,control_PHF10,0.75,1.0,13006,3252,3252,1418,0.4360393603936039,0.48616236162361626,PHF10,PHF10 single-gene control,source_near_epithelial_progenitor,PHF10,False
0.5707257072570726,0.39269372693726934,0.007494752709112307,0.17803198031980327,0.038461538461538464,1.0,25,395.05062966662894,ok,GSM9226205,P18_MIA,MIA,epithelial_progenitor_like,control_RAB1B,0.75,1.0,13006,3252,3252,1327,0.4080565805658057,0.4670971709717097,RAB1B,RAB1B single-gene control,source_near_epithelial_progenitor,RAB1B,False
0.682349323493235,0.38114391143911436,0.007592752617106723,0.3012054120541206,0.038461538461538464,1.0,25,395.05062966662894,ok,GSM9226205,P18_MIA,MIA,epithelial_progenitor_like,control_PRDX1,0.75,1.0,13006,3252,3108,1865,0.5734932349323493,0.6396396396396397,PRDX1,PRDX1 single-gene control,source_near_epithelial_progenitor,PRDX1,False
0.6488314883148831,0.37845018450184503,0.008962329975187219,0.2703813038130381,0.038461538461538464,1.0,25,395.05062966662894,ok,GSM9226205,P18_MIA,MIA,epithelial_progenitor_like,control_SPRY2,0.75,1.0,13006,3252,3083,1643,0.5052275522755227,0.5812520272461887,SPRY2,SPRY2 single-gene control,source_near_epithelial_progenitor,SPRY2,False
0.6279212792127922,0.39571955719557195,0.010507849972148403,0.23220172201722022,0.038461538461538464,1.0,25,395.05062966662894,ok,GSM9226205,P18_MIA,MIA,epithelial_progenitor_like,control_BSG,0.75,1.0,13006,3252,3252,1561,0.4800123001230012,0.5369003690036901,BSG,BSG single-gene control,source_near_epithelial_progenitor,BSG,False
0.6526618705035971,0.456863309352518,0.008729280308036387,0.19579856115107913,0.038461538461538464,1.0,25,395.4971554891388,ok,GSM9226207,P19_AIS,AIS,epithelial_progenitor_like,control_MIF,0.75,1.0,13899,3475,3475,1673,0.4814388489208633,0.5735251798561151,MIF,MIF single-gene control,source_near_epithelial_progenitor,MIF,True
0.6558273381294965,0.4579223021582734,0.007750005913113621,0.19790503597122305,0.038461538461538464,1.0,25,395.4971554891388,ok,GSM9226207,P19_AIS,AIS,epithelial_progenitor_like,control_PRKDC,0.75,1.0,13899,3475,3475,1813,0.521726618705036,0.6117985611510791,PRKDC,PRKDC single-gene control,source_near_epithelial_progenitor,PRKDC,False
0.679136690647482,0.45489496402877705,0.010513211328724452,0.224241726618705,0.038461538461538464,1.0,25,395.4971554891388,ok,GSM9226207,P19_AIS,AIS,epithelial_progenitor_like,control_PHACTR2,0.75,1.0,13899,3475,3475,1826,0.5254676258992805,0.6247482014388489,PHACTR2,PHACTR2 single-gene control,source_near_epithelial_progenitor,PHACTR2,False
0.643453237410072,0.45765755395683455,0.010337666390953102,0.18579568345323744,0.038461538461538464,1.0,25,395.4971554891388,ok,GSM9226207,P19_AIS,AIS,epithelial_progenitor_like,control_RMND5A,0.75,1.0,13899,3475,3475,1632,0.46964028776978417,0.5674820143884892,RMND5A,RMND5A single-gene control,source_near_epithelial_progenitor,RMND5A,False
0.7260431654676259,0.4588546762589928,0.007218720953058539,0.26718848920863314,0.038461538461538464,1.0,25,395.4971554891388,ok,GSM9226207,P19_AIS,AIS,epithelial_progenitor_like,control_CKB,0.75,1.0,13899,3475,3475,1967,0.5660431654676259,0.6624460431654676,CKB,CKB single-gene control,source_near_epithelial_progenitor,CKB,False
0.6181294964028777,0.45787625899280576,0.011511486789544632,0.16025323741007197,0.038461538461538464,1.0,25,395.4971554891388,ok,GSM9226207,P19_AIS,AIS,epithelial_progenitor_like,control_KIF13B,0.75,1.0,13899,3475,3475,1459,0.41985611510791365,0.5309352517985612,KIF13B,KIF13B single-gene control,source_near_epithelial_progenitor,KIF13B,False
0.6238848920863309,0.45576978417266184,0.010774086884329804,0.16811510791366907,0.038461538461538464,1.0,25,395.4971554891388,ok,GSM9226207,P19_AIS,AIS,epithelial_progenitor_like,control_NR2F2,0.75,1.0,13899,3475,3475,1448,0.4166906474820144,0.5410071942446043,NR2F2,NR2F2 single-gene control,source_near_epithelial_progenitor,NR2F2,False
0.5723741007194244,0.4592115107913669,0.007813748959911352,0.1131625899280575,0.038461538461538464,1.0,25,395.4971554891388,ok,GSM9226207,P19_AIS,AIS,epithelial_progenitor_like,control_LIFR,0.75,1.0,13899,3475,3475,1420,0.40863309352517985,0.5338129496402878,LIFR,LIFR single-gene control,source_near_epithelial_progenitor,LIFR,False
0.6917985611510792,0.4584978417266187,0.007387112576914271,0.23330071942446046,0.038461538461538464,1.0,25,395.4971554891388,ok,GSM9226207,P19_AIS,AIS,epithelial_progenitor_like,control_CITED2,0.75,1.0,13899,3475,3475,1818,0.5231654676258993,0.6293525179856115,CITED2,CITED2 single-gene control,source_near_epithelial_progenitor,CITED2,False
0.679136690647482,0.4567597122302158,0.007081748752858744,0.22237697841726628,0.038461538461538464,1.0,25,395.4971554891388,ok,GSM9226207,P19_AIS,AIS,epithelial_progenitor_like,control_DDX46,0.75,1.0,13899,3475,3475,1855,0.5338129496402878,0.6376978417266187,DDX46,DDX46 single-gene control,source_near_epithelial_progenitor,DDX46,False
0.6702158273381295,0.4580374100719425,0.01078072056771468,0.21217841726618697,0.038461538461538464,1.0,25,395.4971554891388,ok,GSM9226207,P19_AIS,AIS,epithelial_progenitor_like,control_PPM1A,0.75,1.0,13899,3475,3475,1744,0.5018705035971223,0.6028776978417266,PPM1A,PPM1A single-gene control,source_near_epithelial_progenitor,PPM1A,False
0.6515107913669065,0.45945323741007194,0.008408345515791067,0.19205755395683455,0.038461538461538464,1.0,25,395.4971554891388,ok,GSM9226207,P19_AIS,AIS,epithelial_progenitor_like,control_UXT,0.75,1.0,13899,3475,3475,1690,0.48633093525179855,0.5856115107913669,UXT,UXT single-gene control,source_near_epithelial_progenitor,UXT,False
0.6929496402877697,0.4567482014388489,0.010272078053148542,0.2362014388489208,0.038461538461538464,1.0,25,395.4971554891388,ok,GSM9226207,P19_AIS,AIS,epithelial_progenitor_like,control_SETD3,0.75,1.0,13899,3475,3475,1809,0.5205755395683453,0.6192805755395684,SETD3,SETD3 single-gene control,source_near_epithelial_progenitor,SETD3,False
0.6635971223021583,0.4576,0.00840205639690499,0.20599712230215828,0.038461538461538464,1.0,25,395.4971554891388,ok,GSM9226207,P19_AIS,AIS,epithelial_progenitor_like,control_TRIM27,0.75,1.0,13899,3475,3475,1770,0.5093525179856115,0.6083453237410072,TRIM27,TRIM27 single-gene control,source_near_epithelial_progenitor,TRIM27,False
0.6451798561151079,0.4608345323741007,0.0097300662231348,0.18434532374100715,0.038461538461538464,1.0,25,395.4971554891388,ok,GSM9226207,P19_AIS,AIS,epithelial_progenitor_like,control_DERL1,0.75,1.0,13899,3475,3475,1607,0.4624460431654676,0.5686330935251799,DERL1,DERL1 single-gene control,source_near_epithelial_progenitor,DERL1,False
0.5470503597122303,0.45655251798561153,0.008825247622624635,0.09049784172661873,0.038461538461538464,1.0,25,395.4971554891388,ok,GSM9226207,P19_AIS,AIS,epithelial_progenitor_like,control_MS4A7,0.75,1.0,13899,3475,3475,1213,0.34906474820143885,0.4776978417266187,MS4A7,MS4A7 single-gene control,source_near_epithelial_progenitor,MS4A7,False
0.6759712230215827,0.4554244604316547,0.01009042497397798,0.22054676258992806,0.038461538461538464,1.0,25,395.4971554891388,ok,GSM9226207,P19_AIS,AIS,epithelial_progenitor_like,control_PHF10,0.75,1.0,13899,3475,3475,1766,0.5082014388489209,0.6054676258992806,PHF10,PHF10 single-gene control,source_near_epithelial_progenitor,PHF10,False
0.6837410071942446,0.45636834532374093,0.011080793423109818,0.22737266187050365,0.038461538461538464,1.0,25,395.4971554891388,ok,GSM9226207,P19_AIS,AIS,epithelial_progenitor_like,control_RAB1B,0.75,1.0,13899,3475,3475,1759,0.5061870503597122,0.6178417266187051,RAB1B,RAB1B single-gene control,source_near_epithelial_progenitor,RAB1B,False
0.6402877697841727,0.4588776978417266,0.00928178379657268,0.18141007194244607,0.038461538461538464,1.0,25,395.4971554891388,ok,GSM9226207,P19_AIS,AIS,epithelial_progenitor_like,control_PRDX1,0.75,1.0,13899,3475,3475,1624,0.46733812949640285,0.5625899280575539,PRDX1,PRDX1 single-gene control,source_near_epithelial_progenitor,PRDX1,False
0.6561151079136691,0.45858992805755394,0.00836638374682396,0.19752517985611517,0.038461538461538464,1.0,25,395.4971554891388,ok,GSM9226207,P19_AIS,AIS,epithelial_progenitor_like,control_SPRY2,0.75,1.0,13899,3475,3475,1739,0.5004316546762589,0.5948201438848921,SPRY2,SPRY2 single-gene control,source_near_epithelial_progenitor,SPRY2,False
0.6457553956834532,0.45837122302158273,0.009777004003827453,0.18738417266187046,0.038461538461538464,1.0,25,395.4971554891388,ok,GSM9226207,P19_AIS,AIS,epithelial_progenitor_like,control_BSG,0.75,1.0,13899,3475,3475,1602,0.4610071942446043,0.5669064748201439,BSG,BSG single-gene control,source_near_epithelial_progenitor,BSG,False
0.6885141584473433,0.42061724467069683,0.012989127918035723,0.2678969137766465,0.038461538461538464,1.0,25,394.4616584663204,ok,GSM9226208,P19_LUAD,LUAD,epithelial_progenitor_like,control_MIF,0.75,1.0,12572,3143,3143,1616,0.5141584473433026,0.5561565383391665,MIF,MIF single-gene control,source_near_epithelial_progenitor,MIF,True
0.7836461979000955,0.423162583518931,0.012508064833823284,0.3604836143811645,0.038461538461538464,1.0,25,394.4616584663204,ok,GSM9226208,P19_LUAD,LUAD,epithelial_progenitor_like,control_PRKDC,0.75,1.0,12572,3143,3143,1966,0.6255170219535475,0.6853324848870506,PRKDC,PRKDC single-gene control,source_near_epithelial_progenitor,PRKDC,False
0.765510658606427,0.42052815781100855,0.009228005238198968,0.3449825007954184,0.038461538461538464,1.0,25,394.4616584663204,ok,GSM9226208,P19_LUAD,LUAD,epithelial_progenitor_like,control_PHACTR2,0.75,1.0,12572,3143,3143,1895,0.6029271396754693,0.6420617244670697,PHACTR2,PHACTR2 single-gene control,source_near_epithelial_progenitor,PHACTR2,False
0.7744193445752465,0.42153356665606107,0.009577806315673726,0.35288577791918546,0.038461538461538464,1.0,25,394.4616584663204,ok,GSM9226208,P19_LUAD,LUAD,epithelial_progenitor_like,control_RMND5A,0.75,1.0,12572,3143,3143,1926,0.6127903277123767,0.6678332803054406,RMND5A,RMND5A single-gene control,source_near_epithelial_progenitor,RMND5A,False
0.5157492841234489,0.4221699013681196,0.009359529712588011,0.09357938275532929,0.038461538461538464,1.0,25,394.4616584663204,ok,GSM9226208,P19_LUAD,LUAD,epithelial_progenitor_like,control_CKB,0.75,1.0,12572,3143,3143,1118,0.3557111040407254,0.3894368437798282,CKB,CKB single-gene control,source_near_epithelial_progenitor,CKB,False
0.8234171174037543,0.4205536111994909,0.009122955396157062,0.4028635062042634,0.038461538461538464,1.0,25,394.4616584663204,ok,GSM9226208,P19_LUAD,LUAD,epithelial_progenitor_like,control_KIF13B,0.75,1.0,12572,3143,3143,2150,0.6840598154629335,0.7394209354120267,KIF13B,KIF13B single-gene control,source_near_epithelial_progenitor,KIF13B,False
0.631880369074133,0.42510976773783016,0.009686841900188358,0.20677060133630287,0.038461538461538464,1.0,25,394.4616584663204,ok,GSM9226208,P19_LUAD,LUAD,epithelial_progenitor_like,control_NR2F2,0.75,1.0,12572,3143,3143,1417,0.4508431434934776,0.4957047406936048,NR2F2,NR2F2 single-gene control,source_near_epithelial_progenitor,NR2F2,False
0.5622017181037225,0.4211390391345848,0.01032283514208376,0.14106267896913777,0.038461538461538464,1.0,25,394.4616584663204,ok,GSM9226208,P19_LUAD,LUAD,epithelial_progenitor_like,control_LIFR,0.75,1.0,12572,3143,3143,1293,0.41139039134584793,0.43461660833598476,LIFR,LIFR single-gene control,source_near_epithelial_progenitor,LIFR,False
0.8227807826916959,0.4249061406299714,0.009560968753342091,0.39787464206172446,0.038461538461538464,1.0,25,394.4616584663204,ok,GSM9226208,P19_LUAD,LUAD,epithelial_progenitor_like,control_CITED2,0.75,1.0,12572,3143,3143,2194,0.6980591791282215,0.7473751193127585,CITED2,CITED2 single-gene control,source_near_epithelial_progenitor,CITED2,False
0.7766465160674515,0.4226280623608018,0.010787906695741508,0.3540184537066497,0.038461538461538464,1.0,25,394.4616584663204,ok,GSM9226208,P19_LUAD,LUAD,epithelial_progenitor_like,control_DDX46,0.75,1.0,12572,3143,3143,1896,0.6032453070314986,0.6538339166401527,DDX46,DDX46 single-gene control,source_near_epithelial_progenitor,DDX46,False
0.7998727330575883,0.418250079541839,0.008587611406744718,0.3816226535157493,0.038461538461538464,1.0,25,394.4616584663204,ok,GSM9226208,P19_LUAD,LUAD,epithelial_progenitor_like,control_PPM1A,0.75,1.0,12572,3143,3143,2038,0.648425071587655,0.6967865097041044,PPM1A,PPM1A single-gene control,source_near_epithelial_progenitor,PPM1A,False
0.7979637289214127,0.4196118358256442,0.0105194615873212,0.37835189309576844,0.038461538461538464,1.0,25,394.4616584663204,ok,GSM9226208,P19_LUAD,LUAD,epithelial_progenitor_like,control_UXT,0.75,1.0,12572,3143,3143,2013,0.6404708876869233,0.6932866687877823,UXT,UXT single-gene control,source_near_epithelial_progenitor,UXT,False
0.6547884187082406,0.41870824053452116,0.009305601977813665,0.2360801781737194,0.038461538461538464,1.0,25,394.4616584663204,ok,GSM9226208,P19_LUAD,LUAD,epithelial_progenitor_like,control_SETD3,0.75,1.0,12572,3143,3143,1523,0.48456888323258035,0.5243398027362393,SETD3,SETD3 single-gene control,source_near_epithelial_progenitor,SETD3,False
0.7916003818008273,0.42289532293986637,0.01221001515045408,0.3687050588609609,0.038461538461538464,1.0,25,394.4616584663204,ok,GSM9226208,P19_LUAD,LUAD,epithelial_progenitor_like,control_TRIM27,0.75,1.0,12572,3143,3143,1977,0.6290168628698696,0.6837416481069042,TRIM27,TRIM27 single-gene control,source_near_epithelial_progenitor,TRIM27,False
0.8227807826916959,0.422793509385937,0.010979724503916119,0.39998727330575884,0.038461538461538464,1.0,25,394.4616584663204,ok,GSM9226208,P19_LUAD,LUAD,epithelial_progenitor_like,control_DERL1,0.75,1.0,12572,3143,3143,2169,0.6901049952274897,0.7454661151765829,DERL1,DERL1 single-gene control,source_near_epithelial_progenitor,DERL1,False
0.6481069042316259,0.42265351574928417,0.007600027432696502,0.2254533884823417,0.038461538461538464,1.0,25,394.4616584663204,ok,GSM9226208,P19_LUAD,LUAD,epithelial_progenitor_like,control_MS4A7,0.75,1.0,12572,3143,3143,1491,0.47438752783964366,0.5437480114540248,MS4A7,MS4A7 single-gene control,source_near_epithelial_progenitor,MS4A7,False
0.7887368755965638,0.42419344575246576,0.008865629327054944,0.36454342984409804,0.038461538461538464,1.0,25,394.4616584663204,ok,GSM9226208,P19_LUAD,LUAD,epithelial_progenitor_like,control_PHF10,0.75,1.0,12572,3143,3143,2024,0.6439707286032453,0.6929685014317531,PHF10,PHF10 single-gene control,source_near_epithelial_progenitor,PHF10,False
0.7441934457524658,0.4207699650015908,0.00912486005118708,0.323423480750875,0.038461538461538464,1.0,25,394.4616584663204,ok,GSM9226208,P19_LUAD,LUAD,epithelial_progenitor_like,control_RAB1B,0.75,1.0,12572,3143,3143,1826,0.5809735921094495,0.6312440343620744,RAB1B,RAB1B single-gene control,source_near_epithelial_progenitor,RAB1B,False
0.8005090677696468,0.4212408526885142,0.010624312650812779,0.3792682150811326,0.038461538461538464,1.0,25,394.4616584663204,ok,GSM9226208,P19_LUAD,LUAD,epithelial_progenitor_like,control_PRDX1,0.75,1.0,12572,3143,3143,1988,0.6325167037861915,0.6926503340757239,PRDX1,PRDX1 single-gene control,source_near_epithelial_progenitor,PRDX1,False
0.8265987909640471,0.4187336939230035,0.009479803358440127,0.40786509704104357,0.038461538461538464,1.0,25,394.4616584663204,ok,GSM9226208,P19_LUAD,LUAD,epithelial_progenitor_like,control_SPRY2,0.75,1.0,12572,3143,3143,2206,0.7018771874005727,0.7581928094177537,SPRY2,SPRY2 single-gene control,source_near_epithelial_progenitor,SPRY2,False
0.8434616608335985,0.4224117085587018,0.010225125318850288,0.4210499522748967,0.038461538461538464,1.0,25,394.4616584663204,ok,GSM9226208,P19_LUAD,LUAD,epithelial_progenitor_like,control_BSG,0.75,1.0,12572,3143,3143,2262,0.7196945593382119,0.7814190264078905,BSG,BSG single-gene control,source_near_epithelial_progenitor,BSG,False
0.4305500593589236,0.3895053423031263,0.009179169413140838,0.04104471705579732,0.038461538461538464,1.0,25,397.0050377514119,ok,GSM9226168,P1_AAH,AAH,epithelial_progenitor_like,control_MIF,0.75,1.0,10108,2527,2527,721,0.2853185595567867,0.3850415512465374,MIF,MIF single-gene control,source_near_epithelial_progenitor,MIF,True
0.4416303917688959,0.38396517609814007,0.010112022954449976,0.05766521567075583,0.038461538461538464,1.0,25,397.0050377514119,ok,GSM9226168,P1_AAH,AAH,epithelial_progenitor_like,control_PRKDC,0.75,1.0,10108,2527,2527,738,0.2920459042342699,0.39018599129402454,PRKDC,PRKDC single-gene control,source_near_epithelial_progenitor,PRKDC,False
0.3229125445191927,0.3862762168579343,0.0111398377677137,-0.06336367233874157,1.0,0.038461538461538464,25,397.0050377514119,ok,GSM9226168,P1_AAH,AAH,epithelial_progenitor_like,control_PHACTR2,0.75,1.0,10108,2527,2526,522,0.20656905421448357,0.2937450514647664,PHACTR2,PHACTR2 single-gene control,source_near_epithelial_progenitor,PHACTR2,False
0.3640680648990898,0.38643450732093393,0.007792490140180527,-0.0223664424218441,1.0,0.038461538461538464,25,397.0050377514119,ok,GSM9226168,P1_AAH,AAH,epithelial_progenitor_like,control_RMND5A,0.75,1.0,10108,2527,2527,607,0.24020577760189948,0.33518005540166207,RMND5A,RMND5A single-gene control,source_near_epithelial_progenitor,RMND5A,False
0.3490304709141274,0.3852948159873367,0.008590448364919137,-0.0362643450732093,1.0,0.038461538461538464,25,397.0050377514119,ok,GSM9226168,P1_AAH,AAH,epithelial_progenitor_like,control_CKB,0.75,1.0,10108,2527,2526,590,0.2334784329244163,0.32145684877276326,CKB,CKB single-gene control,source_near_epithelial_progenitor,CKB,False
0.46181242580134546,0.3869568658488326,0.0099946514902706,0.07485555995251286,0.038461538461538464,1.0,25,397.0050377514119,ok,GSM9226168,P1_AAH,AAH,epithelial_progenitor_like,control_KIF13B,0.75,1.0,10108,2527,2527,807,0.3193510091017016,0.4155124653739612,KIF13B,KIF13B single-gene control,source_near_epithelial_progenitor,KIF13B,False
0.3070834982192323,0.38665611396913335,0.009445014322927379,-0.07957261574990104,1.0,0.038461538461538464,25,397.0050377514119,ok,GSM9226168,P1_AAH,AAH,epithelial_progenitor_like,control_NR2F2,0.75,1.0,10108,2527,2527,476,0.1883656509695291,0.2809655718242976,NR2F2,NR2F2 single-gene control,source_near_epithelial_progenitor,NR2F2,False
0.3070834982192323,0.3845191927186387,0.01005001615342088,-0.0774356944994064,1.0,0.038461538461538464,25,397.0050377514119,ok,GSM9226168,P1_AAH,AAH,epithelial_progenitor_like,control_LIFR,0.75,1.0,10108,2527,2527,496,0.1962801741195093,0.29125445191927185,LIFR,LIFR single-gene control,source_near_epithelial_progenitor,LIFR,False
0.3157894736842105,0.3848674317372378,0.01007683332690284,-0.0690779580530273,1.0,0.038461538461538464,25,397.0050377514119,ok,GSM9226168,P1_AAH,AAH,epithelial_progenitor_like,control_CITED2,0.75,1.0,10108,2527,2527,533,0.2109220419469727,0.29600316580926,CITED2,CITED2 single-gene control,source_near_epithelial_progenitor,CITED2,False
0.4115552037989711,0.3880807281361298,0.008705016075977033,0.023474475662841277,0.038461538461538464,1.0,25,397.0050377514119,ok,GSM9226168,P1_AAH,AAH,epithelial_progenitor_like,control_DDX46,0.75,1.0,10108,2527,2527,692,0.2738425009893154,0.3727740403640681,DDX46,DDX46 single-gene control,source_near_epithelial_progenitor,DDX46,False
0.3620894341115948,0.3850573802928373,0.008193602229105625,-0.022967946181242538,1.0,0.038461538461538464,25,397.0050377514119,ok,GSM9226168,P1_AAH,AAH,epithelial_progenitor_like,control_PPM1A,0.75,1.0,10108,2527,2527,570,0.22556390977443608,0.3189552829442026,PPM1A,PPM1A single-gene control,source_near_epithelial_progenitor,PPM1A,False
0.4143252869014642,0.38423426988523945,0.008740741940253115,0.03009101701622474,0.038461538461538464,1.0,25,397.0050377514119,ok,GSM9226168,P1_AAH,AAH,epithelial_progenitor_like,control_UXT,0.75,1.0,10108,2527,2527,700,0.2770083102493075,0.3652552433715869,UXT,UXT single-gene control,source_near_epithelial_progenitor,UXT,False
0.34705184012663237,0.3856905421448358,0.007546412397082313,-0.03863870201820341,1.0,0.038461538461538464,25,397.0050377514119,ok,GSM9226168,P1_AAH,AAH,epithelial_progenitor_like,control_SETD3,0.75,1.0,10108,2527,2527,552,0.2184408389394539,0.30985358132172536,SETD3,SETD3 single-gene control,source_near_epithelial_progenitor,SETD3,False
0.4028492283339929,0.3858963197467352,0.01035253209738389,0.016952908587257676,0.07692307692307693,0.9615384615384616,25,397.0050377514119,ok,GSM9226168,P1_AAH,AAH,epithelial_progenitor_like,control_TRIM27,0.75,1.0,10108,2527,2527,647,0.2560348239018599,0.3585278986941037,TRIM27,TRIM27 single-gene control,source_near_epithelial_progenitor,TRIM27,False
0.45468935496636326,0.3841076375148398,0.007521295900319265,0.07058171745152347,0.038461538461538464,1.0,25,397.0050377514119,ok,GSM9226168,P1_AAH,AAH,epithelial_progenitor_like,control_DERL1,0.75,1.0,10108,2527,2527,758,0.2999604273842501,0.40601503759398494,DERL1,DERL1 single-gene control,source_near_epithelial_progenitor,DERL1,False
0.2777997625643055,0.38679857538583307,0.0081060134997138,-0.10899881282152757,1.0,0.038461538461538464,25,397.0050377514119,ok,GSM9226168,P1_AAH,AAH,epithelial_progenitor_like,control_MS4A7,0.75,1.0,10108,2527,2526,428,0.16937079540957659,0.26405384006334126,MS4A7,MS4A7 single-gene control,source_near_epithelial_progenitor,MS4A7,False
0.3810842896715473,0.3853106450336368,0.00886765133121909,-0.00422635536208954,0.6538461538461539,0.38461538461538464,25,397.0050377514119,ok,GSM9226168,P1_AAH,AAH,epithelial_progenitor_like,control_PHF10,0.75,1.0,10108,2527,2527,619,0.2449544914918876,0.33913731697665217,PHF10,PHF10 single-gene control,source_near_epithelial_progenitor,PHF10,False
0.36327661258409183,0.38423426988523934,0.009538204465701833,-0.020957657301147514,1.0,0.038461538461538464,25,397.0050377514119,ok,GSM9226168,P1_AAH,AAH,epithelial_progenitor_like,control_RAB1B,0.75,1.0,10108,2527,2527,591,0.2338741590819153,0.32370399683419077,RAB1B,RAB1B single-gene control,source_near_epithelial_progenitor,RAB1B,False
0.4978235061337554,0.38415512465373963,0.0122867926981711,0.11366838148001579,0.038461538461538464,1.0,25,397.0050377514119,ok,GSM9226168,P1_AAH,AAH,epithelial_progenitor_like,control_PRDX1,0.75,1.0,10108,2527,2527,893,0.3533834586466165,0.44360902255639095,PRDX1,PRDX1 single-gene control,source_near_epithelial_progenitor,PRDX1,False
0.4028492283339929,0.3872259596359319,0.013317777613309838,0.015623268698060966,0.23076923076923078,0.8076923076923077,25,397.0050377514119,ok,GSM9226168,P1_AAH,AAH,epithelial_progenitor_like,control_SPRY2,0.75,1.0,10108,2527,2527,661,0.26157499010684604,0.3525920063316185,SPRY2,SPRY2 single-gene control,source_near_epithelial_progenitor,SPRY2,False
0.3502176493866245,0.38442421844083896,0.008844339447534395,-0.034206569054214486,1.0,0.038461538461538464,25,397.0050377514119,ok,GSM9226168,P1_AAH,AAH,epithelial_progenitor_like,control_BSG,0.75,1.0,10108,2527,2527,547,0.21646220815195885,0.3035219628017412,BSG,BSG single-gene control,source_near_epithelial_progenitor,BSG,False
0.5245305875227135,0.3686735311932163,0.011435850805606777,0.15585705632949726,0.038461538461538464,1.0,25,396.9130887234635,ok,GSM9226169,P1_LUAD,LUAD,epithelial_progenitor_like,control_MIF,0.75,1.0,6603,1651,1651,639,0.387038158691702,0.47486371895820717,MIF,MIF single-gene control,source_near_epithelial_progenitor,MIF,True
0.4597213809812235,0.3693276801938219,0.011956733717585028,0.09039370078740161,0.038461538461538464,1.0,25,396.9130887234635,ok,GSM9226169,P1_LUAD,LUAD,epithelial_progenitor_like,control_PRKDC,0.75,1.0,6603,1651,1651,549,0.33252574197456086,0.42640823743185946,PRKDC,PRKDC single-gene control,source_near_epithelial_progenitor,PRKDC,False
0.5130224106602059,0.3680193821926105,0.010806722140983351,0.14500302846759544,0.038461538461538464,1.0,25,396.9130887234635,ok,GSM9226169,P1_LUAD,LUAD,epithelial_progenitor_like,control_PHACTR2,0.75,1.0,6603,1651,1651,624,0.3779527559055118,0.46032707450030286,PHACTR2,PHACTR2 single-gene control,source_near_epithelial_progenitor,PHACTR2,False
0.5118110236220472,0.3646759539672926,0.013107726481978776,0.14713506965475465,0.038461538461538464,1.0,25,396.9130887234635,ok,GSM9226169,P1_LUAD,LUAD,epithelial_progenitor_like,control_RMND5A,0.75,1.0,6603,1651,1651,620,0.37552998182919445,0.45790430042398544,RMND5A,RMND5A single-gene control,source_near_epithelial_progenitor,RMND5A,False
0.5093882495457298,0.36462749848576614,0.011128674122923324,0.14476075105996367,0.038461538461538464,1.0,25,396.9130887234635,ok,GSM9226169,P1_LUAD,LUAD,epithelial_progenitor_like,control_CKB,0.75,1.0,6603,1651,1651,640,0.38764385221078135,0.4554815263476681,CKB,CKB single-gene control,source_near_epithelial_progenitor,CKB,False
0.5390672319806178,0.3685766202301635,0.013487304605110077,0.17049061175045427,0.038461538461538464,1.0,25,396.9130887234635,ok,GSM9226169,P1_LUAD,LUAD,epithelial_progenitor_like,control_KIF13B,0.75,1.0,6603,1651,1651,680,0.4118715929739552,0.502725620835857,KIF13B,KIF13B single-gene control,source_near_epithelial_progenitor,KIF13B,False
0.38643246517262264,0.3712658994548758,0.013087372422209448,0.015166565717746827,0.11538461538461539,0.9230769230769231,25,396.9130887234635,ok,GSM9226169,P1_LUAD,LUAD,epithelial_progenitor_like,control_NR2F2,0.75,1.0,6603,1651,1651,446,0.27013930950938825,0.33737129012719563,NR2F2,NR2F2 single-gene control,source_near_epithelial_progenitor,NR2F2,False
0.38885523924894005,0.36840702604482134,0.013912592473350593,0.020448213204118715,0.15384615384615385,0.8846153846153846,25,396.9130887234635,ok,GSM9226169,P1_LUAD,LUAD,epithelial_progenitor_like,control_LIFR,0.75,1.0,6603,1651,1651,442,0.2677165354330709,0.3434282253179891,LIFR,LIFR single-gene control,source_near_epithelial_progenitor,LIFR,False
0.516656571774682,0.36751059963658395,0.013673209785070466,0.1491459721380981,0.038461538461538464,1.0,25,396.9130887234635,ok,GSM9226169,P1_LUAD,LUAD,epithelial_progenitor_like,control_CITED2,0.75,1.0,6603,1651,1651,643,0.3894609327680194,0.47062386432465175,CITED2,CITED2 single-gene control,source_near_epithelial_progenitor,CITED2,False
0.46941247728649305,0.3674136886735312,0.009858425700701235,0.10199878861296185,0.038461538461538464,1.0,25,396.9130887234635,ok,GSM9226169,P1_LUAD,LUAD,epithelial_progenitor_like,control_DDX46,0.75,1.0,6603,1651,1651,561,0.33979406420351305,0.4294367050272562,DDX46,DDX46 single-gene control,source_near_epithelial_progenitor,DDX46,False
0.4984857662023016,0.3689400363416111,0.011120869501605407,0.12954572986069052,0.038461538461538464,1.0,25,396.9130887234635,ok,GSM9226169,P1_LUAD,LUAD,epithelial_progenitor_like,control_PPM1A,0.75,1.0,6603,1651,1651,602,0.3646274984857662,0.4385221078134464,PPM1A,PPM1A single-gene control,source_near_epithelial_progenitor,PPM1A,False
0.46698970321017563,0.3657419745608721,0.010715355755507448,0.10124772864930354,0.038461538461538464,1.0,25,396.9130887234635,ok,GSM9226169,P1_LUAD,LUAD,epithelial_progenitor_like,control_UXT,0.75,1.0,6603,1651,1651,555,0.3361599030890369,0.4167171411265899,UXT,UXT single-gene control,source_near_epithelial_progenitor,UXT,False
0.43367655966081164,0.3640218049666869,0.011628421713410624,0.06965475469412474,0.038461538461538464,1.0,25,396.9130887234635,ok,GSM9226169,P1_LUAD,LUAD,epithelial_progenitor_like,control_SETD3,0.75,1.0,6603,1651,1651,519,0.3143549364021805,0.38461538461538464,SETD3,SETD3 single-gene control,source_near_epithelial_progenitor,SETD3,False
0.49606299212598426,0.3660327074500303,0.012646913554419019,0.13003028467595396,0.038461538461538464,1.0,25,396.9130887234635,ok,GSM9226169,P1_LUAD,LUAD,epithelial_progenitor_like,control_TRIM27,0.75,1.0,6603,1651,1651,586,0.35493640218049666,0.4463961235614779,TRIM27,TRIM27 single-gene control,source_near_epithelial_progenitor,TRIM27,False
0.4863718958207147,0.36797092671108417,0.014490428923903868,0.11840096910963055,0.038461538461538464,1.0,25,396.9130887234635,ok,GSM9226169,P1_LUAD,LUAD,epithelial_progenitor_like,control_DERL1,0.75,1.0,6603,1651,1651,582,0.3525136281041793,0.43246517262265294,DERL1,DERL1 single-gene control,source_near_epithelial_progenitor,DERL1,False
0.39551786795881283,0.3671471835251362,0.009854827757637175,0.02837068443367663,0.038461538461538464,1.0,25,396.9130887234635,ok,GSM9226169,P1_LUAD,LUAD,epithelial_progenitor_like,control_MS4A7,0.75,1.0,6603,1651,1651,468,0.28346456692913385,0.37855844942459116,MS4A7,MS4A7 single-gene control,source_near_epithelial_progenitor,MS4A7,False
0.514839491217444,0.3692792247122956,0.01426460747049988,0.14556026650514842,0.038461538461538464,1.0,25,396.9130887234635,ok,GSM9226169,P1_LUAD,LUAD,epithelial_progenitor_like,control_PHF10,0.75,1.0,6603,1651,1651,628,0.3803755299818292,0.4645669291338583,PHF10,PHF10 single-gene control,source_near_epithelial_progenitor,PHF10,False
0.4530587522713507,0.3650635978195033,0.011424884805170236,0.08799515445184736,0.038461538461538464,1.0,25,396.9130887234635,ok,GSM9226169,P1_LUAD,LUAD,epithelial_progenitor_like,control_RAB1B,0.75,1.0,6603,1651,1651,535,0.32404603270745,0.39794064203513024,RAB1B,RAB1B single-gene control,source_near_epithelial_progenitor,RAB1B,False
0.4875832828588734,0.36600847970926714,0.012945320442381352,0.12157480314960628,0.038461538461538464,1.0,25,396.9130887234635,ok,GSM9226169,P1_LUAD,LUAD,epithelial_progenitor_like,control_PRDX1,0.75,1.0,6603,1651,1651,608,0.36826165960024226,0.4542701393095094,PRDX1,PRDX1 single-gene control,source_near_epithelial_progenitor,PRDX1,False
0.5741974560872198,0.3647728649303452,0.011652426729158734,0.20942459115687462,0.038461538461538464,1.0,25,396.9130887234635,ok,GSM9226169,P1_LUAD,LUAD,epithelial_progenitor_like,control_SPRY2,0.75,1.0,6603,1651,1651,733,0.4439733494851605,0.5233192004845548,SPRY2,SPRY2 single-gene control,source_near_epithelial_progenitor,SPRY2,False
0.4136886735311932,0.3635614778921865,0.013208054211178556,0.050127195639006694,0.038461538461538464,1.0,25,396.9130887234635,ok,GSM9226169,P1_LUAD,LUAD,epithelial_progenitor_like,control_BSG,0.75,1.0,6603,1651,1651,473,0.28649303452453057,0.35614778921865536,BSG,BSG single-gene control,source_near_epithelial_progenitor,BSG,False
0.6102080624187256,0.39550065019505853,0.00768008080205853,0.21470741222366707,0.038461538461538464,1.0,25,395.1328890386119,ok,GSM9226209,P20_AAH,AAH,epithelial_progenitor_like,control_MIF,0.75,1.0,12304,3076,3076,1502,0.488296488946684,0.5637191157347204,MIF,MIF single-gene control,source_near_epithelial_progenitor,MIF,True
0.5695708712613784,0.3958127438231469,0.01224058755215457,0.1737581274382315,0.038461538461538464,1.0,25,395.1328890386119,ok,GSM9226209,P20_AAH,AAH,epithelial_progenitor_like,control_PRKDC,0.75,1.0,12304,3076,3076,1336,0.4343302990897269,0.5211313394018205,PRKDC,PRKDC single-gene control,source_near_epithelial_progenitor,PRKDC,False
0.6469440832249674,0.39700910273081924,0.006918673242190475,0.2499349804941482,0.038461538461538464,1.0,25,395.1328890386119,ok,GSM9226209,P20_AAH,AAH,epithelial_progenitor_like,control_PHACTR2,0.75,1.0,12304,3076,3076,1605,0.5217815344603381,0.6053315994798439,PHACTR2,PHACTR2 single-gene control,source_near_epithelial_progenitor,PHACTR2,False
0.621261378413524,0.39663198959687906,0.007875080844503349,0.22462938881664496,0.038461538461538464,1.0,25,395.1328890386119,ok,GSM9226209,P20_AAH,AAH,epithelial_progenitor_like,control_RMND5A,0.75,1.0,12304,3076,3076,1507,0.48992197659297787,0.5724967490247074,RMND5A,RMND5A single-gene control,source_near_epithelial_progenitor,RMND5A,False
0.6209362808842653,0.3981664499349805,0.00888845024183322,0.22276983094928482,0.038461538461538464,1.0,25,395.1328890386119,ok,GSM9226209,P20_AAH,AAH,epithelial_progenitor_like,control_CKB,0.75,1.0,12304,3076,3076,1527,0.4964239271781534,0.573146944083225,CKB,CKB single-gene control,source_near_epithelial_progenitor,CKB,False
0.606631989596879,0.3975812743823148,0.007844264983069933,0.20905071521456425,0.038461538461538464,1.0,25,395.1328890386119,ok,GSM9226209,P20_AAH,AAH,epithelial_progenitor_like,control_KIF13B,0.75,1.0,12304,3076,3076,1469,0.47756827048114436,0.5617685305591678,KIF13B,KIF13B single-gene control,source_near_epithelial_progenitor,KIF13B,False
0.5855006501950585,0.39954486345903767,0.008536002979561669,0.1859557867360208,0.038461538461538464,1.0,25,395.1328890386119,ok,GSM9226209,P20_AAH,AAH,epithelial_progenitor_like,control_NR2F2,0.75,1.0,12304,3076,3076,1444,0.4694408322496749,0.5461638491547465,NR2F2,NR2F2 single-gene control,source_near_epithelial_progenitor,NR2F2,False
0.6365409622886866,0.39605981794538364,0.009876992269368185,0.24048114434330298,0.038461538461538464,1.0,25,395.1328890386119,ok,GSM9226209,P20_AAH,AAH,epithelial_progenitor_like,control_LIFR,0.75,1.0,12304,3076,3076,1593,0.5178803641092328,0.6030559167750326,LIFR,LIFR single-gene control,source_near_epithelial_progenitor,LIFR,False
0.6297139141742523,0.39685305591677505,0.007890186912240096,0.2328608582574772,0.038461538461538464,1.0,25,395.1328890386119,ok,GSM9226209,P20_AAH,AAH,epithelial_progenitor_like,control_CITED2,0.75,1.0,12304,3076,3076,1607,0.5224317295188556,0.6053315994798439,CITED2,CITED2 single-gene control,source_near_epithelial_progenitor,CITED2,False
0.6128088426527959,0.39976592977893366,0.00685711791798946,0.21304291287386223,0.038461538461538464,1.0,25,395.1328890386119,ok,GSM9226209,P20_AAH,AAH,epithelial_progenitor_like,control_DDX46,0.75,1.0,12304,3076,3076,1469,0.47756827048114436,0.5637191157347204,DDX46,DDX46 single-gene control,source_near_epithelial_progenitor,DDX46,False
0.6014304291287387,0.3972041612483745,0.009038159578246791,0.2042262678803642,0.038461538461538464,1.0,25,395.1328890386119,ok,GSM9226209,P20_AAH,AAH,epithelial_progenitor_like,control_PPM1A,0.75,1.0,12304,3076,3076,1460,0.47464239271781533,0.5513654096228868,PPM1A,PPM1A single-gene control,source_near_epithelial_progenitor,PPM1A,False
0.5874512353706112,0.3971521456436931,0.008378691136500653,0.19029908972691806,0.038461538461538464,1.0,25,395.1328890386119,ok,GSM9226209,P20_AAH,AAH,epithelial_progenitor_like,control_UXT,0.75,1.0,12304,3076,3076,1402,0.4557867360208062,0.5386866059817945,UXT,UXT single-gene control,source_near_epithelial_progenitor,UXT,False
0.614109232769831,0.39595578673602083,0.007538524999462751,0.21815344603381015,0.038461538461538464,1.0,25,395.1328890386119,ok,GSM9226209,P20_AAH,AAH,epithelial_progenitor_like,control_SETD3,0.75,1.0,12304,3076,3076,1510,0.4908972691807542,0.5734720416124838,SETD3,SETD3 single-gene control,source_near_epithelial_progenitor,SETD3,False
0.592002600780234,0.3984265279583875,0.009832556723384433,0.19357607282184652,0.038461538461538464,1.0,25,395.1328890386119,ok,GSM9226209,P20_AAH,AAH,epithelial_progenitor_like,control_TRIM27,0.75,1.0,12304,3076,3076,1434,0.46618985695708715,0.5578673602080624,TRIM27,TRIM27 single-gene control,source_near_epithelial_progenitor,TRIM27,False
0.5845253576072822,0.39720416124837454,0.010343262854312764,0.18732119635890765,0.038461538461538464,1.0,25,395.1328890386119,ok,GSM9226209,P20_AAH,AAH,epithelial_progenitor_like,control_DERL1,0.75,1.0,12304,3076,3076,1398,0.4544863459037711,0.5393368010403121,DERL1,DERL1 single-gene control,source_near_epithelial_progenitor,DERL1,False
0.46976592977893367,0.39689206762028606,0.009049203260206182,0.0728738621586476,0.038461538461538464,1.0,25,395.1328890386119,ok,GSM9226209,P20_AAH,AAH,epithelial_progenitor_like,control_MS4A7,0.75,1.0,12304,3076,3076,1091,0.3546814044213264,0.4609882964889467,MS4A7,MS4A7 single-gene control,source_near_epithelial_progenitor,MS4A7,False
0.6189856957087126,0.39505851755526655,0.008345577147590013,0.2239271781534461,0.038461538461538464,1.0,25,395.1328890386119,ok,GSM9226209,P20_AAH,AAH,epithelial_progenitor_like,control_PHF10,0.75,1.0,12304,3076,3076,1522,0.49479843953185954,0.5669700910273082,PHF10,PHF10 single-gene control,source_near_epithelial_progenitor,PHF10,False
0.628738621586476,0.3964759427828348,0.008424397162993952,0.23226267880364115,0.038461538461538464,1.0,25,395.1328890386119,ok,GSM9226209,P20_AAH,AAH,epithelial_progenitor_like,control_RAB1B,0.75,1.0,12304,3076,3076,1542,0.5013003901170351,0.5767230169050716,RAB1B,RAB1B single-gene control,source_near_epithelial_progenitor,RAB1B,False
0.5796488946684005,0.3958257477243173,0.008344563965948836,0.18382314694408325,0.038461538461538464,1.0,25,395.1328890386119,ok,GSM9226209,P20_AAH,AAH,epithelial_progenitor_like,control_PRDX1,0.75,1.0,12304,3076,3076,1397,0.4541612483745123,0.5429128738621587,PRDX1,PRDX1 single-gene control,source_near_epithelial_progenitor,PRDX1,False
0.6011053315994799,0.39981794538361515,0.007404853026279778,0.20128738621586473,0.038461538461538464,1.0,25,395.1328890386119,ok,GSM9226209,P20_AAH,AAH,epithelial_progenitor_like,control_SPRY2,0.75,1.0,12304,3076,3076,1484,0.48244473342002603,0.5588426527958388,SPRY2,SPRY2 single-gene control,source_near_epithelial_progenitor,SPRY2,False
0.5897269180754227,0.39690507152145643,0.009251162257574769,0.19282184655396623,0.038461538461538464,1.0,25,395.1328890386119,ok,GSM9226209,P20_AAH,AAH,epithelial_progenitor_like,control_BSG,0.75,1.0,12304,3076,3076,1442,0.4687906371911573,0.5510403120936281,BSG,BSG single-gene control,source_near_epithelial_progenitor,BSG,False
0.7880035283740077,0.3657630108791532,0.009026996272110429,0.4222405174948545,0.038461538461538464,1.0,25,395.05062966662894,ok,GSM9226210,P20_LUAD,LUAD,epithelial_progenitor_like,control_MIF,0.75,1.0,13604,3401,3401,2521,0.741252572772714,0.7815348426933255,MIF,MIF single-gene control,source_near_epithelial_progenitor,MIF,True
0.7274331079094384,0.36439870626286386,0.007476490479417966,0.3630344016465745,0.038461538461538464,1.0,25,395.05062966662894,ok,GSM9226210,P20_LUAD,LUAD,epithelial_progenitor_like,control_PRKDC,0.75,1.0,13604,3401,3401,2210,0.6498088797412526,0.6889150249926492,PRKDC,PRKDC single-gene control,source_near_epithelial_progenitor,PRKDC,False
0.413701852396354,0.36838576889150254,0.007574903345743474,0.045316083504851445,0.038461538461538464,1.0,25,395.05062966662894,ok,GSM9226210,P20_LUAD,LUAD,epithelial_progenitor_like,control_PHACTR2,0.75,1.0,13604,3401,3401,1111,0.3266686268744487,0.3634225227874155,PHACTR2,PHACTR2 single-gene control,source_near_epithelial_progenitor,PHACTR2,False
0.576301087915319,0.36571596589238453,0.00947690018191248,0.21058512202293445,0.038461538461538464,1.0,25,395.05062966662894,ok,GSM9226210,P20_LUAD,LUAD,epithelial_progenitor_like,control_RMND5A,0.75,1.0,13604,3401,3401,1624,0.47750661570126435,0.515436636283446,RMND5A,RMND5A single-gene control,source_near_epithelial_progenitor,RMND5A,False
0.6165833578359307,0.3677389003234343,0.007923271637405416,0.24884445751249634,0.038461538461538464,1.0,25,395.05062966662894,ok,GSM9226210,P20_LUAD,LUAD,epithelial_progenitor_like,control_CKB,0.75,1.0,13604,3401,3401,1841,0.5413113790061747,0.5821817112613937,CKB,CKB single-gene control,source_near_epithelial_progenitor,CKB,False
0.621581887680094,0.3663393119670685,0.010836993255053499,0.25524257571302555,0.038461538461538464,1.0,25,395.05062966662894,ok,GSM9226210,P20_LUAD,LUAD,epithelial_progenitor_like,control_KIF13B,0.75,1.0,13604,3401,3401,1782,0.5239635401352544,0.5642458100558659,KIF13B,KIF13B single-gene control,source_near_epithelial_progenitor,KIF13B,False
0.4445751249632461,0.36732725668920907,0.009916932172312974,0.07724786827403701,0.038461538461538464,1.0,25,395.05062966662894,ok,GSM9226210,P20_LUAD,LUAD,epithelial_progenitor_like,control_NR2F2,0.75,1.0,13604,3401,3401,1226,0.3604822111143781,0.40958541605410176,NR2F2,NR2F2 single-gene control,source_near_epithelial_progenitor,NR2F2,False
0.37694795648338725,0.3652102322846221,0.007534659819462457,0.01173772419876512,0.07692307692307693,0.9615384615384616,25,395.05062966662894,ok,GSM9226210,P20_LUAD,LUAD,epithelial_progenitor_like,control_LIFR,0.75,1.0,13604,3401,3401,1052,0.30932078800352836,0.34342840341076153,LIFR,LIFR single-gene control,source_near_epithelial_progenitor,LIFR,False
0.45957071449573655,0.3686327550720377,0.01004075179291351,0.09093795942369887,0.038461538461538464,1.0,25,395.05062966662894,ok,GSM9226210,P20_LUAD,LUAD,epithelial_progenitor_like,control_CITED2,0.75,1.0,13604,3401,3401,1281,0.3766539253160835,0.41076154072331666,CITED2,CITED2 single-gene control,source_near_epithelial_progenitor,CITED2,False
0.6248162305204351,0.366139370773302,0.009754968660455287,0.2586768597471331,0.038461538461538464,1.0,25,395.05062966662894,ok,GSM9226210,P20_LUAD,LUAD,epithelial_progenitor_like,control_DDX46,0.75,1.0,13604,3401,3401,1748,0.5139664804469274,0.5613054983828286,DDX46,DDX46 single-gene control,source_near_epithelial_progenitor,DDX46,False
0.6850926198177006,0.3671978829755954,0.008116396490371823,0.31789473684210523,0.038461538461538464,1.0,25,395.05062966662894,ok,GSM9226210,P20_LUAD,LUAD,epithelial_progenitor_like,control_PPM1A,0.75,1.0,13604,3401,3401,2003,0.5889444281093796,0.6259923551896501,PPM1A,PPM1A single-gene control,source_near_epithelial_progenitor,PPM1A,False
0.6506909732431638,0.36613937077330194,0.007991429600967163,0.2845516024698619,0.038461538461538464,1.0,25,395.05062966662894,ok,GSM9226210,P20_LUAD,LUAD,epithelial_progenitor_like,control_UXT,0.75,1.0,13604,3401,3401,1879,0.5524845633637165,0.5942369891208468,UXT,UXT single-gene control,source_near_epithelial_progenitor,UXT,False
0.6418700382240518,0.3647044986768597,0.008320302763663908,0.27716553954719203,0.038461538461538464,1.0,25,395.05062966662894,ok,GSM9226210,P20_LUAD,LUAD,epithelial_progenitor_like,control_SETD3,0.75,1.0,13604,3401,3401,1833,0.5389591296677447,0.5777712437518377,SETD3,SETD3 single-gene control,source_near_epithelial_progenitor,SETD3,False
0.6806821523081447,0.3637988826815643,0.00844477100696487,0.31688326962658037,0.038461538461538464,1.0,25,395.05062966662894,ok,GSM9226210,P20_LUAD,LUAD,epithelial_progenitor_like,control_TRIM27,0.75,1.0,13604,3401,3401,2043,0.6007056748015289,0.6480446927374302,TRIM27,TRIM27 single-gene control,source_near_epithelial_progenitor,TRIM27,False
0.6483387239047339,0.3665627756542193,0.007629584729546744,0.2817759482505146,0.038461538461538464,1.0,25,395.05062966662894,ok,GSM9226210,P20_LUAD,LUAD,epithelial_progenitor_like,control_DERL1,0.75,1.0,13604,3401,3401,1896,0.55748309320788,0.613937077330197,DERL1,DERL1 single-gene control,source_near_epithelial_progenitor,DERL1,False
0.19847103793002058,0.368503381358424,0.006524974945914307,-0.1700323434284034,1.0,0.038461538461538464,25,395.05062966662894,ok,GSM9226210,P20_LUAD,LUAD,epithelial_progenitor_like,control_MS4A7,0.75,1.0,13604,3401,3401,513,0.15083798882681565,0.1967068509261982,MS4A7,MS4A7 single-gene control,source_near_epithelial_progenitor,MS4A7,False
0.6436342252278742,0.36693913554836805,0.00827672057884271,0.2766950896795061,0.038461538461538464,1.0,25,395.05062966662894,ok,GSM9226210,P20_LUAD,LUAD,epithelial_progenitor_like,control_PHF10,0.75,1.0,13604,3401,3401,1802,0.529844163481329,0.571890620405763,PHF10,PHF10 single-gene control,source_near_epithelial_progenitor,PHF10,False
0.7512496324610408,0.36459864745663034,0.009496645327505503,0.3866509850044105,0.038461538461538464,1.0,25,395.05062966662894,ok,GSM9226210,P20_LUAD,LUAD,epithelial_progenitor_like,control_RAB1B,0.75,1.0,13604,3401,3401,2292,0.6739194354601588,0.7077330197000882,RAB1B,RAB1B single-gene control,source_near_epithelial_progenitor,RAB1B,False
0.6574536900911496,0.3690091149661864,0.006849516890975652,0.28844457512496324,0.038461538461538464,1.0,25,395.05062966662894,ok,GSM9226210,P20_LUAD,LUAD,epithelial_progenitor_like,control_PRDX1,0.75,1.0,13604,3401,3401,1924,0.5657159658923846,0.6065862981476037,PRDX1,PRDX1 single-gene control,source_near_epithelial_progenitor,PRDX1,False
0.6439282563951779,0.3681505439576594,0.008299512573081645,0.27577771243751853,0.038461538461538464,1.0,25,395.05062966662894,ok,GSM9226210,P20_LUAD,LUAD,epithelial_progenitor_like,control_SPRY2,0.75,1.0,13604,3401,3401,1879,0.5524845633637165,0.585122022934431,SPRY2,SPRY2 single-gene control,source_near_epithelial_progenitor,SPRY2,False
0.7291972949132608,0.36906792119964715,0.008809901950354972,0.36012937371361364,0.038461538461538464,1.0,25,395.05062966662894,ok,GSM9226210,P20_LUAD,LUAD,epithelial_progenitor_like,control_BSG,0.75,1.0,13604,3401,3401,2217,0.6518670979123787,0.6909732431637754,BSG,BSG single-gene control,source_near_epithelial_progenitor,BSG,False
0.5381393957523183,0.41137900089739754,0.008444548534988099,0.12676039485492074,0.038461538461538464,1.0,25,395.32391781929914,ok,GSM9226211,P21_AIS1,AIS,epithelial_progenitor_like,control_MIF,0.75,1.0,13372,3343,3343,1283,0.38378701764881845,0.47502243493867785,MIF,MIF single-gene control,source_near_epithelial_progenitor,MIF,True
0.5279688902183667,0.4132814836972779,0.007017404849900448,0.11468740652108877,0.038461538461538464,1.0,25,395.32391781929914,ok,GSM9226211,P21_AIS1,AIS,epithelial_progenitor_like,control_PRKDC,0.75,1.0,13372,3343,3343,1236,0.36972778941070894,0.46395453185761293,PRKDC,PRKDC single-gene control,source_near_epithelial_progenitor,PRKDC,False
0.5794196829195334,0.4125635656595872,0.006880047861202511,0.1668561172599462,0.038461538461538464,1.0,25,395.32391781929914,ok,GSM9226211,P21_AIS1,AIS,epithelial_progenitor_like,control_PHACTR2,0.75,1.0,13372,3343,3343,1415,0.42327250972180674,0.5151061920430751,PHACTR2,PHACTR2 single-gene control,source_near_epithelial_progenitor,PHACTR2,False
0.5375411307209094,0.4136284774154951,0.007887064302146049,0.12391265330541429,0.038461538461538464,1.0,25,395.32391781929914,ok,GSM9226211,P21_AIS1,AIS,epithelial_progenitor_like,control_RMND5A,0.75,1.0,13372,3343,3343,1279,0.3825904875860006,0.4768172300329046,RMND5A,RMND5A single-gene control,source_near_epithelial_progenitor,RMND5A,False
0.5919832485791205,0.41212084953634465,0.008523317241883464,0.1798623990427759,0.038461538461538464,1.0,25,395.32391781929914,ok,GSM9226211,P21_AIS1,AIS,epithelial_progenitor_like,control_CKB,0.75,1.0,13372,3343,3343,1486,0.4445109183368232,0.5345498055638648,CKB,CKB single-gene control,source_near_epithelial_progenitor,CKB,False
0.540532455877954,0.40999102602452886,0.009725641036529101,0.1305414298534251,0.038461538461538464,1.0,25,395.32391781929914,ok,GSM9226211,P21_AIS1,AIS,epithelial_progenitor_like,control_KIF13B,0.75,1.0,13372,3343,3343,1282,0.383487885133114,0.4732276398444511,KIF13B,KIF13B single-gene control,source_near_epithelial_progenitor,KIF13B,False
0.5249775650613222,0.4128028716721508,0.009200047343236381,0.11217469338917141,0.038461538461538464,1.0,25,395.32391781929914,ok,GSM9226211,P21_AIS1,AIS,epithelial_progenitor_like,control_NR2F2,0.75,1.0,13372,3343,3343,1281,0.38318875261740953,0.4717319772659288,NR2F2,NR2F2 single-gene control,source_near_epithelial_progenitor,NR2F2,False
0.5554890816631768,0.4124199820520491,0.008267068860461451,0.14306909961112768,0.038461538461538464,1.0,25,395.32391781929914,ok,GSM9226211,P21_AIS1,AIS,epithelial_progenitor_like,control_LIFR,0.75,1.0,13372,3343,3343,1378,0.4122046066407418,0.505833084056237,LIFR,LIFR single-gene control,source_near_epithelial_progenitor,LIFR,False
0.588393658390667,0.41261142686209995,0.008773086335652628,0.1757822315285671,0.038461538461538464,1.0,25,395.32391781929914,ok,GSM9226211,P21_AIS1,AIS,epithelial_progenitor_like,control_CITED2,0.75,1.0,13372,3343,3343,1489,0.4454083158839366,0.5351480705952737,CITED2,CITED2 single-gene control,source_near_epithelial_progenitor,CITED2,False
0.5539934190846545,0.41347292850732875,0.008705424346771011,0.14052049057732574,0.038461538461538464,1.0,25,395.32391781929914,ok,GSM9226211,P21_AIS1,AIS,epithelial_progenitor_like,control_DDX46,0.75,1.0,13372,3343,3343,1349,0.40352976368531257,0.4926712533652408,DDX46,DDX46 single-gene control,source_near_epithelial_progenitor,DDX46,False
0.5599760693987437,0.411678133413102,0.009085572602934895,0.14829793598564167,0.038461538461538464,1.0,25,395.32391781929914,ok,GSM9226211,P21_AIS1,AIS,epithelial_progenitor_like,control_PPM1A,0.75,1.0,13372,3343,3343,1371,0.41011067903081067,0.4995513012264433,PPM1A,PPM1A single-gene control,source_near_epithelial_progenitor,PPM1A,False
0.5169009871373018,0.41397547113371225,0.008202505944166437,0.10292551600358957,0.038461538461538464,1.0,25,395.32391781929914,ok,GSM9226211,P21_AIS1,AIS,epithelial_progenitor_like,control_UXT,0.75,1.0,13372,3343,3343,1243,0.37182171702064015,0.4573736165121149,UXT,UXT single-gene control,source_near_epithelial_progenitor,UXT,False
0.5483099012862698,0.41291055937780435,0.006870221494019697,0.13539934190846542,0.038461538461538464,1.0,25,395.32391781929914,ok,GSM9226211,P21_AIS1,AIS,epithelial_progenitor_like,control_SETD3,0.75,1.0,13372,3343,3343,1326,0.39664971582411007,0.48399641040981156,SETD3,SETD3 single-gene control,source_near_epithelial_progenitor,SETD3,False
0.518994914747233,0.4121328148369728,0.007870975536572544,0.10686209991026024,0.038461538461538464,1.0,25,395.32391781929914,ok,GSM9226211,P21_AIS1,AIS,epithelial_progenitor_like,control_TRIM27,0.75,1.0,13372,3343,3343,1250,0.37391564463057136,0.4648519294047263,TRIM27,TRIM27 single-gene control,source_near_epithelial_progenitor,TRIM27,False
0.5037391564463057,0.4128746634759197,0.0070773345618410765,0.09086449297038601,0.038461538461538464,1.0,25,395.32391781929914,ok,GSM9226211,P21_AIS1,AIS,epithelial_progenitor_like,control_DERL1,0.75,1.0,13372,3343,3343,1164,0.348190248279988,0.4376308704756207,DERL1,DERL1 single-gene control,source_near_epithelial_progenitor,DERL1,False
0.35925815136105294,0.41165420281184567,0.007774894693597795,-0.052396051450792736,1.0,0.038461538461538464,25,395.32391781929914,ok,GSM9226211,P21_AIS1,AIS,epithelial_progenitor_like,control_MS4A7,0.75,1.0,13372,3343,3343,838,0.25067304816033503,0.34938677834280585,MS4A7,MS4A7 single-gene control,source_near_epithelial_progenitor,MS4A7,False
0.575231827699671,0.41265928806461266,0.0073068997826565936,0.1625725396350583,0.038461538461538464,1.0,25,395.32391781929914,ok,GSM9226211,P21_AIS1,AIS,epithelial_progenitor_like,control_PHF10,0.75,1.0,13372,3343,3343,1421,0.4250673048160335,0.5064313490876459,PHF10,PHF10 single-gene control,source_near_epithelial_progenitor,PHF10,False
0.5701465749326952,0.4122763984445109,0.009389489653898598,0.15787017648818424,0.038461538461538464,1.0,25,395.32391781929914,ok,GSM9226211,P21_AIS1,AIS,epithelial_progenitor_like,control_RAB1B,0.75,1.0,13372,3343,3343,1416,0.4235716422375112,0.5124139994017349,RAB1B,RAB1B single-gene control,source_near_epithelial_progenitor,RAB1B,False
0.5303619503440024,0.41139096619802573,0.008384395024660773,0.11897098414597662,0.038461538461538464,1.0,25,395.32391781929914,ok,GSM9226211,P21_AIS1,AIS,epithelial_progenitor_like,control_PRDX1,0.75,1.0,13372,3343,3343,1302,0.3894705354472031,0.47651809751720015,PRDX1,PRDX1 single-gene control,source_near_epithelial_progenitor,PRDX1,False
0.5677535148070595,0.4129464552796889,0.008661991367410898,0.15480705952737062,0.038461538461538464,1.0,25,395.32391781929914,ok,GSM9226211,P21_AIS1,AIS,epithelial_progenitor_like,control_SPRY2,0.75,1.0,13372,3343,3343,1371,0.41011067903081067,0.5061322165719414,SPRY2,SPRY2 single-gene control,source_near_epithelial_progenitor,SPRY2,False
0.5258749626084356,0.4100747831289261,0.008462208090513285,0.11580017947950949,0.038461538461538464,1.0,25,395.32391781929914,ok,GSM9226211,P21_AIS1,AIS,epithelial_progenitor_like,control_BSG,0.75,1.0,13372,3343,3343,1233,0.36883039186359556,0.46096320670056834,BSG,BSG single-gene control,source_near_epithelial_progenitor,BSG,False
0.6061262376237624,0.4323638613861387,0.008238568660701943,0.1737623762376237,0.038461538461538464,1.0,25,395.32391781929914,ok,GSM9226212,P21_AIS2,AIS,epithelial_progenitor_like,control_MIF,0.75,1.0,12926,3232,3232,1390,0.43007425742574257,0.5380569306930693,MIF,MIF single-gene control,source_near_epithelial_progenitor,MIF,True
0.5891089108910891,0.43044554455445544,0.0087494981673936,0.15866336633663364,0.038461538461538464,1.0,25,395.32391781929914,ok,GSM9226212,P21_AIS2,AIS,epithelial_progenitor_like,control_PRKDC,0.75,1.0,12926,3232,3232,1352,0.4183168316831683,0.5272277227722773,PRKDC,PRKDC single-gene control,source_near_epithelial_progenitor,PRKDC,False
0.6407797029702971,0.4343440594059406,0.008617663661637031,0.20643564356435645,0.038461538461538464,1.0,25,395.32391781929914,ok,GSM9226212,P21_AIS2,AIS,epithelial_progenitor_like,control_PHACTR2,0.75,1.0,12926,3232,3232,1563,0.48360148514851486,0.5974628712871287,PHACTR2,PHACTR2 single-gene control,source_near_epithelial_progenitor,PHACTR2,False
0.6209777227722773,0.43424504950495046,0.006642698870279627,0.1867326732673268,0.038461538461538464,1.0,25,395.32391781929914,ok,GSM9226212,P21_AIS2,AIS,epithelial_progenitor_like,control_RMND5A,0.75,1.0,12926,3232,3232,1437,0.44461633663366334,0.5550742574257426,RMND5A,RMND5A single-gene control,source_near_epithelial_progenitor,RMND5A,False
0.6160272277227723,0.4309777227722772,0.01134930906818547,0.1850495049504951,0.038461538461538464,1.0,25,395.32391781929914,ok,GSM9226212,P21_AIS2,AIS,epithelial_progenitor_like,control_CKB,0.75,1.0,12926,3232,3232,1468,0.4542079207920792,0.5544554455445545,CKB,CKB single-gene control,source_near_epithelial_progenitor,CKB,False
0.5875618811881188,0.43413366336633674,0.008522865435176219,0.15342821782178206,0.038461538461538464,1.0,25,395.32391781929914,ok,GSM9226212,P21_AIS2,AIS,epithelial_progenitor_like,control_KIF13B,0.75,1.0,12926,3232,3232,1364,0.422029702970297,0.536200495049505,KIF13B,KIF13B single-gene control,source_near_epithelial_progenitor,KIF13B,False
0.6095297029702971,0.43351485148514857,0.008484871477082961,0.1760148514851485,0.038461538461538464,1.0,25,395.32391781929914,ok,GSM9226212,P21_AIS2,AIS,epithelial_progenitor_like,control_NR2F2,0.75,1.0,12926,3232,3232,1435,0.4439975247524752,0.5553836633663366,NR2F2,NR2F2 single-gene control,source_near_epithelial_progenitor,NR2F2,False
0.6423267326732673,0.43321782178217816,0.008758920960372904,0.20910891089108918,0.038461538461538464,1.0,25,395.32391781929914,ok,GSM9226212,P21_AIS2,AIS,epithelial_progenitor_like,control_LIFR,0.75,1.0,12926,3232,3232,1620,0.5012376237623762,0.6150990099009901,LIFR,LIFR single-gene control,source_near_epithelial_progenitor,LIFR,False
0.6222153465346535,0.4314727722772278,0.010997020136926697,0.1907425742574257,0.038461538461538464,1.0,25,395.32391781929914,ok,GSM9226212,P21_AIS2,AIS,epithelial_progenitor_like,control_CITED2,0.75,1.0,12926,3232,3232,1487,0.46008663366336633,0.5649752475247525,CITED2,CITED2 single-gene control,source_near_epithelial_progenitor,CITED2,False
0.6014851485148515,0.43268564356435646,0.008815843474508972,0.168799504950495,0.038461538461538464,1.0,25,395.32391781929914,ok,GSM9226212,P21_AIS2,AIS,epithelial_progenitor_like,control_DDX46,0.75,1.0,12926,3232,3232,1384,0.4282178217821782,0.536200495049505,DDX46,DDX46 single-gene control,source_near_epithelial_progenitor,DDX46,False
0.6070544554455446,0.4320173267326733,0.009585144356838715,0.1750371287128713,0.038461538461538464,1.0,25,395.32391781929914,ok,GSM9226212,P21_AIS2,AIS,epithelial_progenitor_like,control_PPM1A,0.75,1.0,12926,3232,3232,1427,0.44152227722772275,0.5529084158415841,PPM1A,PPM1A single-gene control,source_near_epithelial_progenitor,PPM1A,False
0.5603341584158416,0.43087871287128704,0.007397757359913072,0.12945544554455451,0.038461538461538464,1.0,25,395.32391781929914,ok,GSM9226212,P21_AIS2,AIS,epithelial_progenitor_like,control_UXT,0.75,1.0,12926,3232,3232,1274,0.3941831683168317,0.5009282178217822,UXT,UXT single-gene control,source_near_epithelial_progenitor,UXT,False
0.6268564356435643,0.4336014851485149,0.006382942818131815,0.19325495049504943,0.038461538461538464,1.0,25,395.32391781929914,ok,GSM9226212,P21_AIS2,AIS,epithelial_progenitor_like,control_SETD3,0.75,1.0,12926,3232,3232,1515,0.46875,0.5770420792079208,SETD3,SETD3 single-gene control,source_near_epithelial_progenitor,SETD3,False
0.5686881188118812,0.43139851485148517,0.009644883450531468,0.13728960396039602,0.038461538461538464,1.0,25,395.32391781929914,ok,GSM9226212,P21_AIS2,AIS,epithelial_progenitor_like,control_TRIM27,0.75,1.0,12926,3232,3232,1304,0.4034653465346535,0.5126856435643564,TRIM27,TRIM27 single-gene control,source_near_epithelial_progenitor,TRIM27,False
0.557549504950495,0.4310767326732673,0.007825524018029033,0.12647277227722775,0.038461538461538464,1.0,25,395.32391781929914,ok,GSM9226212,P21_AIS2,AIS,epithelial_progenitor_like,control_DERL1,0.75,1.0,12926,3232,3232,1235,0.38211633663366334,0.4873143564356436,DERL1,DERL1 single-gene control,source_near_epithelial_progenitor,DERL1,False
0.4306930693069307,0.4336262376237624,0.00914542761007527,-0.0029331683168317135,0.7307692307692307,0.38461538461538464,25,395.32391781929914,ok,GSM9226212,P21_AIS2,AIS,epithelial_progenitor_like,control_MS4A7,0.75,1.0,12926,3232,3232,924,0.28589108910891087,0.3978960396039604,MS4A7,MS4A7 single-gene control,source_near_epithelial_progenitor,MS4A7,False
0.6463490099009901,0.4345049504950495,0.008147389496075288,0.2118440594059406,0.038461538461538464,1.0,25,395.32391781929914,ok,GSM9226212,P21_AIS2,AIS,epithelial_progenitor_like,control_PHF10,0.75,1.0,12926,3232,3232,1549,0.47926980198019803,0.5897277227722773,PHF10,PHF10 single-gene control,source_near_epithelial_progenitor,PHF10,False
0.6404702970297029,0.4329331683168317,0.007193981993003721,0.20753712871287122,0.038461538461538464,1.0,25,395.32391781929914,ok,GSM9226212,P21_AIS2,AIS,epithelial_progenitor_like,control_RAB1B,0.75,1.0,12926,3232,3232,1506,0.4659653465346535,0.5866336633663366,RAB1B,RAB1B single-gene control,source_near_epithelial_progenitor,RAB1B,False
0.5349628712871287,0.4313985148514851,0.0070416876816110216,0.1035643564356436,0.038461538461538464,1.0,25,395.32391781929914,ok,GSM9226212,P21_AIS2,AIS,epithelial_progenitor_like,control_PRDX1,0.75,1.0,12926,3232,3232,1213,0.37530940594059403,0.48298267326732675,PRDX1,PRDX1 single-gene control,source_near_epithelial_progenitor,PRDX1,False
0.6036509900990099,0.4310891089108911,0.006361359050487459,0.17256188118811883,0.038461538461538464,1.0,25,395.32391781929914,ok,GSM9226212,P21_AIS2,AIS,epithelial_progenitor_like,control_SPRY2,0.75,1.0,12926,3232,3232,1427,0.44152227722772275,0.5488861386138614,SPRY2,SPRY2 single-gene control,source_near_epithelial_progenitor,SPRY2,False
0.5587871287128713,0.4350123762376238,0.008167320577559437,0.1237747524752475,0.038461538461538464,1.0,25,395.32391781929914,ok,GSM9226212,P21_AIS2,AIS,epithelial_progenitor_like,control_BSG,0.75,1.0,12926,3232,3232,1261,0.3901608910891089,0.49907178217821785,BSG,BSG single-gene control,source_near_epithelial_progenitor,BSG,False
0.7410848067126161,0.38915193287383887,0.007188966458432819,0.35193287383877725,0.038461538461538464,1.0,25,395.32391781929914,ok,GSM9226213,P21_LUAD,LUAD,epithelial_progenitor_like,control_MIF,0.75,1.0,13348,3337,3337,2203,0.6601738088103086,0.740785136350015,MIF,MIF single-gene control,source_near_epithelial_progenitor,MIF,True
0.6952352412346419,0.39174108480671266,0.010534837613509434,0.3034941564279292,0.038461538461538464,1.0,25,395.32391781929914,ok,GSM9226213,P21_LUAD,LUAD,epithelial_progenitor_like,control_PRKDC,0.75,1.0,13348,3337,3337,1916,0.5741684147437819,0.6487863350314654,PRKDC,PRKDC single-gene control,source_near_epithelial_progenitor,PRKDC,False
0.5642792927779443,0.3898951153730896,0.008224536676565341,0.17438417740485473,0.038461538461538464,1.0,25,395.32391781929914,ok,GSM9226213,P21_LUAD,LUAD,epithelial_progenitor_like,control_PHACTR2,0.75,1.0,13348,3337,3337,1403,0.42043751872939766,0.49385675756667663,PHACTR2,PHACTR2 single-gene control,source_near_epithelial_progenitor,PHACTR2,False
0.704225352112676,0.385280191789032,0.0085154731539855,0.318945160323644,0.038461538461538464,1.0,25,395.32391781929914,ok,GSM9226213,P21_LUAD,LUAD,epithelial_progenitor_like,control_RMND5A,0.75,1.0,13348,3337,3337,1981,0.5936469883128559,0.6724602936769554,RMND5A,RMND5A single-gene control,source_near_epithelial_progenitor,RMND5A,False
0.4360203775846569,0.3646029367695535,0.009128771184882355,0.07141744081510337,0.038461538461538464,1.0,25,395.32391781929914,ok,GSM9226213,P21_LUAD,LUAD,epithelial_progenitor_like,control_CKB,0.75,1.0,13348,3337,3115,1038,0.311057836379982,0.3990369181380417,CKB,CKB single-gene control,source_near_epithelial_progenitor,CKB,False
0.7207072220557387,0.38856457896314056,0.00956831090420639,0.3321426430925981,0.038461538461538464,1.0,25,395.32391781929914,ok,GSM9226213,P21_LUAD,LUAD,epithelial_progenitor_like,control_KIF13B,0.75,1.0,13348,3337,3337,2046,0.6131255618819299,0.6883428228948157,KIF13B,KIF13B single-gene control,source_near_epithelial_progenitor,KIF13B,False
0.5439017081210669,0.38415343122565176,0.008505008823584004,0.1597482768954151,0.038461538461538464,1.0,25,395.32391781929914,ok,GSM9226213,P21_LUAD,LUAD,epithelial_progenitor_like,control_NR2F2,0.75,1.0,13348,3337,3337,1378,0.4129457596643692,0.4809709319748277,NR2F2,NR2F2 single-gene control,source_near_epithelial_progenitor,NR2F2,False
0.4195385076415942,0.3885525921486365,0.010299829191609424,0.030985915492957705,0.038461538461538464,1.0,25,395.32391781929914,ok,GSM9226213,P21_LUAD,LUAD,epithelial_progenitor_like,control_LIFR,0.75,1.0,13348,3337,3337,1004,0.3008690440515433,0.3569074018579563,LIFR,LIFR single-gene control,source_near_epithelial_progenitor,LIFR,False
0.5540905004495056,0.38838477674557986,0.009578707396234596,0.16570572370392572,0.038461538461538464,1.0,25,395.32391781929914,ok,GSM9226213,P21_LUAD,LUAD,epithelial_progenitor_like,control_CITED2,0.75,1.0,13348,3337,3337,1531,0.45879532514234345,0.5298172010788134,CITED2,CITED2 single-gene control,source_near_epithelial_progenitor,CITED2,False
0.7120167815403057,0.3866826490860054,0.009982472137394624,0.32533413245430026,0.038461538461538464,1.0,25,395.32391781929914,ok,GSM9226213,P21_LUAD,LUAD,epithelial_progenitor_like,control_DDX46,0.75,1.0,13348,3337,3337,1980,0.5933473179502547,0.6613724902607132,DDX46,DDX46 single-gene control,source_near_epithelial_progenitor,DDX46,False
0.6499850164818699,0.3886364998501648,0.010471796339326572,0.2613485166317051,0.038461538461538464,1.0,25,395.32391781929914,ok,GSM9226213,P21_LUAD,LUAD,epithelial_progenitor_like,control_PPM1A,0.75,1.0,13348,3337,3337,1761,0.5277195085406053,0.6011387473778843,PPM1A,PPM1A single-gene control,source_near_epithelial_progenitor,PPM1A,False
0.622115672759964,0.3890560383578064,0.007730933936759722,0.23305963440215766,0.038461538461538464,1.0,25,395.32391781929914,ok,GSM9226213,P21_LUAD,LUAD,epithelial_progenitor_like,control_UXT,0.75,1.0,13348,3337,3337,1655,0.49595445010488465,0.5687743482169614,UXT,UXT single-gene control,source_near_epithelial_progenitor,UXT,False
0.5594845669763261,0.3864309259814204,0.008031277534231602,0.17305364099490567,0.038461538461538464,1.0,25,395.32391781929914,ok,GSM9226213,P21_LUAD,LUAD,epithelial_progenitor_like,control_SETD3,0.75,1.0,13348,3337,3337,1442,0.43212466287084206,0.4986514833682949,SETD3,SETD3 single-gene control,source_near_epithelial_progenitor,SETD3,False
0.7180101887923285,0.3876176206173209,0.007656328523799445,0.33039256817500756,0.038461538461538464,1.0,25,395.32391781929914,ok,GSM9226213,P21_LUAD,LUAD,epithelial_progenitor_like,control_TRIM27,0.75,1.0,13348,3337,3337,2099,0.6290080910997903,0.6997302966736589,TRIM27,TRIM27 single-gene control,source_near_epithelial_progenitor,TRIM27,False
0.5504944560982918,0.3885406053341325,0.008279475085892725,0.16195385076415936,0.038461538461538464,1.0,25,395.32391781929914,ok,GSM9226213,P21_LUAD,LUAD,epithelial_progenitor_like,control_DERL1,0.75,1.0,13348,3337,3337,1358,0.4069523524123464,0.4827689541504345,DERL1,DERL1 single-gene control,source_near_epithelial_progenitor,DERL1,False
0.2685046448906203,0.3866586754569973,0.00782426634314409,-0.11815403056637697,1.0,0.038461538461538464,25,395.32391781929914,ok,GSM9226213,P21_LUAD,LUAD,epithelial_progenitor_like,control_MS4A7,0.75,1.0,13348,3337,3337,598,0.17920287683548097,0.23643991609229847,MS4A7,MS4A7 single-gene control,source_near_epithelial_progenitor,MS4A7,False
0.6430925981420438,0.389211866946359,0.011520756839521177,0.2538807311956848,0.038461538461538464,1.0,25,395.32391781929914,ok,GSM9226213,P21_LUAD,LUAD,epithelial_progenitor_like,control_PHF10,0.75,1.0,13348,3337,3337,1729,0.5181300569373689,0.5990410548396764,PHF10,PHF10 single-gene control,source_near_epithelial_progenitor,PHF10,False
0.6766556787533713,0.385771651183698,0.008540482661173195,0.2908840275696733,0.038461538461538464,1.0,25,395.32391781929914,ok,GSM9226213,P21_LUAD,LUAD,epithelial_progenitor_like,control_RAB1B,0.75,1.0,13348,3337,3337,1898,0.5687743482169614,0.6424932574168415,RAB1B,RAB1B single-gene control,source_near_epithelial_progenitor,RAB1B,False
0.7572670062930776,0.38904405154330235,0.006329408851510942,0.3682229547497753,0.038461538461538464,1.0,25,395.32391781929914,ok,GSM9226213,P21_LUAD,LUAD,epithelial_progenitor_like,control_PRDX1,0.75,1.0,13348,3337,3337,2303,0.6901408450704225,0.7617620617320947,PRDX1,PRDX1 single-gene control,source_near_epithelial_progenitor,PRDX1,False
0.5567875337129158,0.3871261612226551,0.009244025216227027,0.1696613724902607,0.038461538461538464,1.0,25,395.32391781929914,ok,GSM9226213,P21_LUAD,LUAD,epithelial_progenitor_like,control_SPRY2,0.75,1.0,13348,3337,3337,1394,0.4177404854659874,0.49175906502846867,SPRY2,SPRY2 single-gene control,source_near_epithelial_progenitor,SPRY2,False
0.6964339226850464,0.3871261612226551,0.011011502906137671,0.30930776146239136,0.038461538461538464,1.0,25,395.32391781929914,ok,GSM9226213,P21_LUAD,LUAD,epithelial_progenitor_like,control_BSG,0.75,1.0,13348,3337,3337,1928,0.5777644590949955,0.6526820497452802,BSG,BSG single-gene control,source_near_epithelial_progenitor,BSG,False
0.5443101711983888,0.40749244712990934,0.012224973481520516,0.13681772406847942,0.038461538461538464,1.0,25,395.42508772206145,ok,GSM9226214,P22_AAH,AAH,epithelial_progenitor_like,control_MIF,0.75,1.0,7943,1986,1986,785,0.39526686807653577,0.48992950654582074,MIF,MIF single-gene control,source_near_epithelial_progenitor,MIF,True
0.5347432024169184,0.409607250755287,0.0131946204180317,0.12513595166163144,0.038461538461538464,1.0,25,395.42508772206145,ok,GSM9226214,P22_AAH,AAH,epithelial_progenitor_like,control_PRKDC,0.75,1.0,7943,1986,1986,758,0.3816717019133938,0.486908358509567,PRKDC,PRKDC single-gene control,source_near_epithelial_progenitor,PRKDC,False
0.5901309164149043,0.4092245720040282,0.009826818610872187,0.18090634441087616,0.038461538461538464,1.0,25,395.42508772206145,ok,GSM9226214,P22_AAH,AAH,epithelial_progenitor_like,control_PHACTR2,0.75,1.0,7943,1986,1986,904,0.4551863041289023,0.5498489425981873,PHACTR2,PHACTR2 single-gene control,source_near_epithelial_progenitor,PHACTR2,False
0.5488418932527693,0.4083987915407855,0.00968867480910403,0.14044310171198382,0.038461538461538464,1.0,25,395.42508772206145,ok,GSM9226214,P22_AAH,AAH,epithelial_progenitor_like,control_RMND5A,0.75,1.0,7943,1986,1986,780,0.39274924471299094,0.5,RMND5A,RMND5A single-gene control,source_near_epithelial_progenitor,RMND5A,False
0.49395770392749244,0.40789526686807653,0.011053599501800827,0.08606243705941591,0.038461538461538464,1.0,25,395.42508772206145,ok,GSM9226214,P22_AAH,AAH,epithelial_progenitor_like,control_CKB,0.75,1.0,7943,1986,1986,738,0.3716012084592145,0.4561933534743202,CKB,CKB single-gene control,source_near_epithelial_progenitor,CKB,False
0.5634441087613293,0.4115407854984894,0.013347140153449785,0.15190332326283995,0.038461538461538464,1.0,25,395.42508772206145,ok,GSM9226214,P22_AAH,AAH,epithelial_progenitor_like,control_KIF13B,0.75,1.0,7943,1986,1986,812,0.40886203423967776,0.5125881168177241,KIF13B,KIF13B single-gene control,source_near_epithelial_progenitor,KIF13B,False
0.5292044310171199,0.40696878147029203,0.009384444605418589,0.12223564954682786,0.038461538461538464,1.0,25,395.42508772206145,ok,GSM9226214,P22_AAH,AAH,epithelial_progenitor_like,control_NR2F2,0.75,1.0,7943,1986,1986,743,0.3741188318227593,0.47935548841893255,NR2F2,NR2F2 single-gene control,source_near_epithelial_progenitor,NR2F2,False
0.5825780463242699,0.4104128902316213,0.011069834664479685,0.1721651560926486,0.038461538461538464,1.0,25,395.42508772206145,ok,GSM9226214,P22_AAH,AAH,epithelial_progenitor_like,control_LIFR,0.75,1.0,7943,1986,1986,880,0.4431017119838872,0.5478348439073515,LIFR,LIFR single-gene control,source_near_epithelial_progenitor,LIFR,False
0.56797583081571,0.4050956696878147,0.007880228156986217,0.16288016112789533,0.038461538461538464,1.0,25,395.42508772206145,ok,GSM9226214,P22_AAH,AAH,epithelial_progenitor_like,control_CITED2,0.75,1.0,7943,1986,1986,852,0.42900302114803623,0.5241691842900302,CITED2,CITED2 single-gene control,source_near_epithelial_progenitor,CITED2,False
0.5513595166163142,0.41001007049345417,0.013824419435824254,0.14134944612286005,0.038461538461538464,1.0,25,395.42508772206145,ok,GSM9226214,P22_AAH,AAH,epithelial_progenitor_like,control_DDX46,0.75,1.0,7943,1986,1986,788,0.39677744209466265,0.49345417925478346,DDX46,DDX46 single-gene control,source_near_epithelial_progenitor,DDX46,False
0.5372608257804632,0.4060020140986908,0.0083382631716527,0.1312588116817724,0.038461538461538464,1.0,25,395.42508772206145,ok,GSM9226214,P22_AAH,AAH,epithelial_progenitor_like,control_PPM1A,0.75,1.0,7943,1986,1986,788,0.39677744209466265,0.48539778449144005,PPM1A,PPM1A single-gene control,source_near_epithelial_progenitor,PPM1A,False
0.5357502517623364,0.40962739174219537,0.012660183104619204,0.126122860020141,0.038461538461538464,1.0,25,395.42508772206145,ok,GSM9226214,P22_AAH,AAH,epithelial_progenitor_like,control_UXT,0.75,1.0,7943,1986,1986,773,0.3892245720040282,0.48892245720040284,UXT,UXT single-gene control,source_near_epithelial_progenitor,UXT,False
0.55337361530715,0.40809667673716005,0.00938539014366967,0.14527693856998997,0.038461538461538464,1.0,25,395.42508772206145,ok,GSM9226214,P22_AAH,AAH,epithelial_progenitor_like,control_SETD3,0.75,1.0,7943,1986,1986,798,0.40181268882175225,0.4879154078549849,SETD3,SETD3 single-gene control,source_near_epithelial_progenitor,SETD3,False
0.5498489425981873,0.4050553877139979,0.011120450028407763,0.14479355488418938,0.038461538461538464,1.0,25,395.42508772206145,ok,GSM9226214,P22_AAH,AAH,epithelial_progenitor_like,control_TRIM27,0.75,1.0,7943,1986,1986,764,0.38469284994964753,0.4959718026183283,TRIM27,TRIM27 single-gene control,source_near_epithelial_progenitor,TRIM27,False
0.552870090634441,0.40392749244712994,0.008885700722001143,0.1489425981873111,0.038461538461538464,1.0,25,395.42508772206145,ok,GSM9226214,P22_AAH,AAH,epithelial_progenitor_like,control_DERL1,0.75,1.0,7943,1986,1986,778,0.391742195367573,0.4914400805639476,DERL1,DERL1 single-gene control,source_near_epithelial_progenitor,DERL1,False
0.5085599194360524,0.40461228600201415,0.014195824224251195,0.10394763343403823,0.038461538461538464,1.0,25,395.42508772206145,ok,GSM9226214,P22_AAH,AAH,epithelial_progenitor_like,control_MS4A7,0.75,1.0,7943,1986,1986,746,0.3756294058408862,0.47230614300100704,MS4A7,MS4A7 single-gene control,source_near_epithelial_progenitor,MS4A7,False
0.5392749244712991,0.41357502517623357,0.010970099036761924,0.12569989929506553,0.038461538461538464,1.0,25,395.42508772206145,ok,GSM9226214,P22_AAH,AAH,epithelial_progenitor_like,control_PHF10,0.75,1.0,7943,1986,1986,799,0.40231621349446123,0.499496475327291,PHF10,PHF10 single-gene control,source_near_epithelial_progenitor,PHF10,False
0.5624370594159114,0.40958710976837864,0.011921843844875251,0.15284994964753273,0.038461538461538464,1.0,25,395.42508772206145,ok,GSM9226214,P22_AAH,AAH,epithelial_progenitor_like,control_RAB1B,0.75,1.0,7943,1986,1986,808,0.4068479355488419,0.5085599194360524,RAB1B,RAB1B single-gene control,source_near_epithelial_progenitor,RAB1B,False
0.5372608257804632,0.4083987915407855,0.014103125950852675,0.12886203423967768,0.038461538461538464,1.0,25,395.42508772206145,ok,GSM9226214,P22_AAH,AAH,epithelial_progenitor_like,control_PRDX1,0.75,1.0,7943,1986,1986,785,0.39526686807653577,0.4909365558912387,PRDX1,PRDX1 single-gene control,source_near_epithelial_progenitor,PRDX1,False
0.5553877139979859,0.4065861027190332,0.010460636710917898,0.1488016112789527,0.038461538461538464,1.0,25,395.42508772206145,ok,GSM9226214,P22_AAH,AAH,epithelial_progenitor_like,control_SPRY2,0.75,1.0,7943,1986,1986,802,0.4038267875125881,0.49395770392749244,SPRY2,SPRY2 single-gene control,source_near_epithelial_progenitor,SPRY2,False
0.5483383685800605,0.4096676737160121,0.009854172100091105,0.13867069486404837,0.038461538461538464,1.0,25,395.42508772206145,ok,GSM9226214,P22_AAH,AAH,epithelial_progenitor_like,control_BSG,0.75,1.0,7943,1986,1986,782,0.39375629405840884,0.4959718026183283,BSG,BSG single-gene control,source_near_epithelial_progenitor,BSG,False
0.5701427684667908,0.4120422098075729,0.007544623700874854,0.1581005586592179,0.038461538461538464,1.0,25,395.32391781929914,ok,GSM9226215,P22_AIS,AIS,epithelial_progenitor_like,control_MIF,0.75,1.0,12886,3222,3222,1374,0.4264432029795158,0.5148975791433892,MIF,MIF single-gene control,source_near_epithelial_progenitor,MIF,True
0.5592799503414029,0.41437616387337056,0.008444927729516907,0.14490378646803231,0.038461538461538464,1.0,25,395.32391781929914,ok,GSM9226215,P22_AIS,AIS,epithelial_progenitor_like,control_PRKDC,0.75,1.0,12886,3222,3222,1306,0.4053382991930478,0.5074487895716946,PRKDC,PRKDC single-gene control,source_near_epithelial_progenitor,PRKDC,False
0.6052141527001862,0.4136809435133458,0.007995731309395886,0.19153320918684041,0.038461538461538464,1.0,25,395.32391781929914,ok,GSM9226215,P22_AIS,AIS,epithelial_progenitor_like,control_PHACTR2,0.75,1.0,12886,3222,3222,1507,0.46772191185599005,0.5605214152700186,PHACTR2,PHACTR2 single-gene control,source_near_epithelial_progenitor,PHACTR2,False
0.5657976412166357,0.41458721291123524,0.009311849053131234,0.15121042830540044,0.038461538461538464,1.0,25,395.32391781929914,ok,GSM9226215,P22_AIS,AIS,epithelial_progenitor_like,control_RMND5A,0.75,1.0,12886,3222,3222,1318,0.4090626939788951,0.5086902545003104,RMND5A,RMND5A single-gene control,source_near_epithelial_progenitor,RMND5A,False
0.5747982619490999,0.4099441340782123,0.008085760134886322,0.1648541278708876,0.038461538461538464,1.0,25,395.32391781929914,ok,GSM9226215,P22_AIS,AIS,epithelial_progenitor_like,control_CKB,0.75,1.0,12886,3222,3222,1398,0.4338919925512104,0.5350713842333954,CKB,CKB single-gene control,source_near_epithelial_progenitor,CKB,False
0.5741775294847921,0.4117442582247051,0.008616450814219847,0.16243327126008694,0.038461538461538464,1.0,25,395.32391781929914,ok,GSM9226215,P22_AIS,AIS,epithelial_progenitor_like,control_KIF13B,0.75,1.0,12886,3222,3222,1355,0.4205462445685909,0.521725636250776,KIF13B,KIF13B single-gene control,source_near_epithelial_progenitor,KIF13B,False
0.5642458100558659,0.4111111111111111,0.008569799370775179,0.15313469894475484,0.038461538461538464,1.0,25,395.32391781929914,ok,GSM9226215,P22_AIS,AIS,epithelial_progenitor_like,control_NR2F2,0.75,1.0,12886,3222,3222,1339,0.41558038485412785,0.5108628181253879,NR2F2,NR2F2 single-gene control,source_near_epithelial_progenitor,NR2F2,False
0.6232153941651148,0.41590316573556796,0.01140516021530953,0.20731222842954689,0.038461538461538464,1.0,25,395.32391781929914,ok,GSM9226215,P22_AIS,AIS,epithelial_progenitor_like,control_LIFR,0.75,1.0,12886,3222,3222,1607,0.49875853507138423,0.5952824332712601,LIFR,LIFR single-gene control,source_near_epithelial_progenitor,LIFR,False
0.6232153941651148,0.40957169459962756,0.008094789262810372,0.2136436995654873,0.038461538461538464,1.0,25,395.32391781929914,ok,GSM9226215,P22_AIS,AIS,epithelial_progenitor_like,control_CITED2,0.75,1.0,12886,3222,3222,1580,0.4903786468032278,0.5869025450031037,CITED2,CITED2 single-gene control,source_near_epithelial_progenitor,CITED2,False
0.5747982619490999,0.41298572315332094,0.00891003380822158,0.16181253879577895,0.038461538461538464,1.0,25,395.32391781929914,ok,GSM9226215,P22_AIS,AIS,epithelial_progenitor_like,control_DDX46,0.75,1.0,12886,3222,3222,1348,0.41837368094351335,0.516139044072005,DDX46,DDX46 single-gene control,source_near_epithelial_progenitor,DDX46,False
0.5661080074487895,0.41268777157045305,0.00845604176863995,0.15342023587833648,0.038461538461538464,1.0,25,395.32391781929914,ok,GSM9226215,P22_AIS,AIS,epithelial_progenitor_like,control_PPM1A,0.75,1.0,12886,3222,3222,1322,0.4103041589075109,0.5121042830540037,PPM1A,PPM1A single-gene control,source_near_epithelial_progenitor,PPM1A,False
0.5552451893234016,0.407796399751707,0.00575079958090803,0.1474487895716946,0.038461538461538464,1.0,25,395.32391781929914,ok,GSM9226215,P22_AIS,AIS,epithelial_progenitor_like,control_UXT,0.75,1.0,12886,3222,3222,1298,0.4028553693358163,0.5027932960893855,UXT,UXT single-gene control,source_near_epithelial_progenitor,UXT,False
0.6058348851644941,0.4124394785847299,0.007255160590872572,0.19339540657976423,0.038461538461538464,1.0,25,395.32391781929914,ok,GSM9226215,P22_AIS,AIS,epithelial_progenitor_like,control_SETD3,0.75,1.0,12886,3222,3222,1464,0.4543761638733706,0.5509000620732464,SETD3,SETD3 single-gene control,source_near_epithelial_progenitor,SETD3,False
0.5620732464307884,0.41337057728119186,0.006343757223873394,0.1487026691495965,0.038461538461538464,1.0,25,395.32391781929914,ok,GSM9226215,P22_AIS,AIS,epithelial_progenitor_like,control_TRIM27,0.75,1.0,12886,3222,3222,1312,0.40720049658597146,0.5080695220360025,TRIM27,TRIM27 single-gene control,source_near_epithelial_progenitor,TRIM27,False
0.548106765983861,0.41049037864680316,0.010328327288895019,0.13761638733705783,0.038461538461538464,1.0,25,395.32391781929914,ok,GSM9226215,P22_AIS,AIS,epithelial_progenitor_like,control_DERL1,0.75,1.0,12886,3222,3222,1275,0.3957169459962756,0.49503414028553694,DERL1,DERL1 single-gene control,source_near_epithelial_progenitor,DERL1,False
0.5589695841092489,0.41094972067039104,0.007151859897208637,0.14801986343885787,0.038461538461538464,1.0,25,395.32391781929914,ok,GSM9226215,P22_AIS,AIS,epithelial_progenitor_like,control_MS4A7,0.75,1.0,12886,3222,3222,1382,0.42892613283674735,0.5360024829298572,MS4A7,MS4A7 single-gene control,source_near_epithelial_progenitor,MS4A7,False
0.5977653631284916,0.4095468653010552,0.008568431690638817,0.18821849782743638,0.038461538461538464,1.0,25,395.32391781929914,ok,GSM9226215,P22_AIS,AIS,epithelial_progenitor_like,control_PHF10,0.75,1.0,12886,3222,3222,1440,0.44692737430167595,0.5499689633767846,PHF10,PHF10 single-gene control,source_near_epithelial_progenitor,PHF10,False
0.5772811918063314,0.41330850403476105,0.006549462922159146,0.16397268777157037,0.038461538461538464,1.0,25,395.32391781929914,ok,GSM9226215,P22_AIS,AIS,epithelial_progenitor_like,control_RAB1B,0.75,1.0,12886,3222,3222,1355,0.4205462445685909,0.5273122284295468,RAB1B,RAB1B single-gene control,source_near_epithelial_progenitor,RAB1B,False
0.5620732464307884,0.4098324022346368,0.006356272145860899,0.15224084419615158,0.038461538461538464,1.0,25,395.32391781929914,ok,GSM9226215,P22_AIS,AIS,epithelial_progenitor_like,control_PRDX1,0.75,1.0,12886,3222,3222,1325,0.41123525760397267,0.5062073246430788,PRDX1,PRDX1 single-gene control,source_near_epithelial_progenitor,PRDX1,False
0.5701427684667908,0.40893854748603353,0.008906934089241727,0.16120422098075726,0.038461538461538464,1.0,25,395.32391781929914,ok,GSM9226215,P22_AIS,AIS,epithelial_progenitor_like,control_SPRY2,0.75,1.0,12886,3222,3222,1345,0.4174425822470515,0.5065176908752328,SPRY2,SPRY2 single-gene control,source_near_epithelial_progenitor,SPRY2,False
0.5701427684667908,0.4134947237740534,0.00823666215243456,0.1566480446927374,0.038461538461538464,1.0,25,395.32391781929914,ok,GSM9226215,P22_AIS,AIS,epithelial_progenitor_like,control_BSG,0.75,1.0,12886,3222,3222,1328,0.4121663563004345,0.5176908752327747,BSG,BSG single-gene control,source_near_epithelial_progenitor,BSG,False
0.6404972194962382,0.4530192999672882,0.009609851328614886,0.18747791952895,0.038461538461538464,1.0,25,396.0467144163678,ok,GSM9226216,P22_LUAD,LUAD,epithelial_progenitor_like,control_MIF,0.75,1.0,12229,3057,3057,1399,0.4576382073928688,0.582597317631665,MIF,MIF single-gene control,source_near_epithelial_progenitor,MIF,True
0.6732090284592738,0.4582531894013739,0.010696278012104881,0.2149558390578999,0.038461538461538464,1.0,25,396.0467144163678,ok,GSM9226216,P22_LUAD,LUAD,epithelial_progenitor_like,control_PRKDC,0.75,1.0,12229,3057,3057,1515,0.4955839057899902,0.620215897939156,PRKDC,PRKDC single-gene control,source_near_epithelial_progenitor,PRKDC,False
0.6833496892378148,0.4524043179587832,0.010437066492341388,0.23094537127903159,0.038461538461538464,1.0,25,396.0467144163678,ok,GSM9226216,P22_LUAD,LUAD,epithelial_progenitor_like,control_PHACTR2,0.75,1.0,12229,3057,3057,1547,0.5060516846581616,0.6329735034347399,PHACTR2,PHACTR2 single-gene control,source_near_epithelial_progenitor,PHACTR2,False
0.6810598626104023,0.45351651946352634,0.00810016433731234,0.22754334314687596,0.038461538461538464,1.0,25,396.0467144163678,ok,GSM9226216,P22_LUAD,LUAD,epithelial_progenitor_like,control_RMND5A,0.75,1.0,12229,3057,3057,1514,0.49525678770035986,0.6198887798495257,RMND5A,RMND5A single-gene control,source_near_epithelial_progenitor,RMND5A,False
0.6679751390251881,0.4539352306182532,0.008836589283076261,0.21403990840693493,0.038461538461538464,1.0,25,396.0467144163678,ok,GSM9226216,P22_LUAD,LUAD,epithelial_progenitor_like,control_CKB,0.75,1.0,12229,3057,3057,1551,0.507360157016683,0.6231599607458292,CKB,CKB single-gene control,source_near_epithelial_progenitor,CKB,False
0.6650310762185149,0.45657834478246656,0.009473857949111156,0.2084527314360483,0.038461538461538464,1.0,25,396.0467144163678,ok,GSM9226216,P22_LUAD,LUAD,epithelial_progenitor_like,control_KIF13B,0.75,1.0,12229,3057,3057,1462,0.4782466470395813,0.6025515210991168,KIF13B,KIF13B single-gene control,source_near_epithelial_progenitor,KIF13B,False
0.6388616290480864,0.4554923127248937,0.007511308529212725,0.1833693163231927,0.038461538461538464,1.0,25,396.0467144163678,ok,GSM9226216,P22_LUAD,LUAD,epithelial_progenitor_like,control_NR2F2,0.75,1.0,12229,3057,3057,1353,0.44259077526987245,0.5776905462872097,NR2F2,NR2F2 single-gene control,source_near_epithelial_progenitor,NR2F2,False
0.6427870461236507,0.4547595682041217,0.0091563853466002,0.18802747791952895,0.038461538461538464,1.0,25,396.0467144163678,ok,GSM9226216,P22_LUAD,LUAD,epithelial_progenitor_like,control_LIFR,0.75,1.0,12229,3057,3057,1553,0.5080143931959438,0.6408243375858685,LIFR,LIFR single-gene control,source_near_epithelial_progenitor,LIFR,False
0.709192018318613,0.45629048086359175,0.00842200446872979,0.25290153745502125,0.038461538461538464,1.0,25,396.0467144163678,ok,GSM9226216,P22_LUAD,LUAD,epithelial_progenitor_like,control_CITED2,0.75,1.0,12229,3057,3057,1710,0.5593719332679097,0.6862937520444881,CITED2,CITED2 single-gene control,source_near_epithelial_progenitor,CITED2,False
0.6751717369970559,0.4513706247955512,0.010350276889156934,0.22380111220150473,0.038461538461538464,1.0,25,396.0467144163678,ok,GSM9226216,P22_LUAD,LUAD,epithelial_progenitor_like,control_DDX46,0.75,1.0,12229,3057,3057,1521,0.4975466143277723,0.6231599607458292,DDX46,DDX46 single-gene control,source_near_epithelial_progenitor,DDX46,False
0.6650310762185149,0.45398756951259406,0.008351489901891575,0.2110435067059208,0.038461538461538464,1.0,25,396.0467144163678,ok,GSM9226216,P22_LUAD,LUAD,epithelial_progenitor_like,control_PPM1A,0.75,1.0,12229,3057,3057,1462,0.4782466470395813,0.5960091593065097,PPM1A,PPM1A single-gene control,source_near_epithelial_progenitor,PPM1A,False
0.6375531566895649,0.45580634609093884,0.008095208929239822,0.18174681059862607,0.038461538461538464,1.0,25,396.0467144163678,ok,GSM9226216,P22_LUAD,LUAD,epithelial_progenitor_like,control_UXT,0.75,1.0,12229,3057,3057,1454,0.47562970232253843,0.5960091593065097,UXT,UXT single-gene control,source_near_epithelial_progenitor,UXT,False
0.6686293752044488,0.45793915603532875,0.009279685443884592,0.21069021916912,0.038461538461538464,1.0,25,396.0467144163678,ok,GSM9226216,P22_LUAD,LUAD,epithelial_progenitor_like,control_SETD3,0.75,1.0,12229,3057,3057,1491,0.48773307163886165,0.6104023552502453,SETD3,SETD3 single-gene control,source_near_epithelial_progenitor,SETD3,False
0.6745175008177953,0.45600261694471705,0.00941897520594025,0.21851488387307821,0.038461538461538464,1.0,25,396.0467144163678,ok,GSM9226216,P22_LUAD,LUAD,epithelial_progenitor_like,control_TRIM27,0.75,1.0,12229,3057,3057,1536,0.5024533856722276,0.6156362446843311,TRIM27,TRIM27 single-gene control,source_near_epithelial_progenitor,TRIM27,False
0.6424599280340203,0.4550866862937521,0.009626854365729418,0.1873732417402682,0.038461538461538464,1.0,25,396.0467144163678,ok,GSM9226216,P22_LUAD,LUAD,epithelial_progenitor_like,control_DERL1,0.75,1.0,12229,3057,3057,1391,0.455021262675826,0.5855413804383383,DERL1,DERL1 single-gene control,source_near_epithelial_progenitor,DERL1,False
0.6087667648020936,0.45291462217860645,0.0073614169192680575,0.15585214262348712,0.038461538461538464,1.0,25,396.0467144163678,ok,GSM9226216,P22_LUAD,LUAD,epithelial_progenitor_like,control_MS4A7,0.75,1.0,12229,3057,3057,1350,0.44160942100098133,0.5881583251553811,MS4A7,MS4A7 single-gene control,source_near_epithelial_progenitor,MS4A7,False
0.6810598626104023,0.4551390251880929,0.010981574001959917,0.2259208374223094,0.038461538461538464,1.0,25,396.0467144163678,ok,GSM9226216,P22_LUAD,LUAD,epithelial_progenitor_like,control_PHF10,0.75,1.0,12229,3057,3057,1514,0.49525678770035986,0.609093882891724,PHF10,PHF10 single-gene control,source_near_epithelial_progenitor,PHF10,False
0.6794242721622505,0.45833169774288524,0.008165577814821738,0.2210925744193653,0.038461538461538464,1.0,25,396.0467144163678,ok,GSM9226216,P22_LUAD,LUAD,epithelial_progenitor_like,control_RAB1B,0.75,1.0,12229,3057,3057,1534,0.501799149492967,0.6333006215243703,RAB1B,RAB1B single-gene control,source_near_epithelial_progenitor,RAB1B,False
0.6470395812888453,0.45631665031076224,0.008974151573870286,0.19072293097808307,0.038461538461538464,1.0,25,396.0467144163678,ok,GSM9226216,P22_LUAD,LUAD,epithelial_progenitor_like,control_PRDX1,0.75,1.0,12229,3057,3057,1427,0.46679751390251883,0.592737978410206,PRDX1,PRDX1 single-gene control,source_near_epithelial_progenitor,PRDX1,False
0.6925089957474648,0.45935230618253187,0.010142102809524012,0.23315668956493296,0.038461538461538464,1.0,25,396.0467144163678,ok,GSM9226216,P22_LUAD,LUAD,epithelial_progenitor_like,control_SPRY2,0.75,1.0,12229,3057,3057,1535,0.5021262675825973,0.6274124959110239,SPRY2,SPRY2 single-gene control,source_near_epithelial_progenitor,SPRY2,False
0.6565260058881256,0.45287536800785083,0.0071331747956199084,0.20365063788027477,0.038461538461538464,1.0,25,396.0467144163678,ok,GSM9226216,P22_LUAD,LUAD,epithelial_progenitor_like,control_BSG,0.75,1.0,12229,3057,3057,1482,0.4847890088321884,0.6058227019954203,BSG,BSG single-gene control,source_near_epithelial_progenitor,BSG,False
0.5666266506602641,0.38799519807923166,0.008282604476851278,0.1786314525810324,0.038461538461538464,1.0,25,382.5310444918164,ok,GSM9226217,P23_AIS1,AIS,epithelial_progenitor_like,control_MIF,0.75,1.0,9996,2499,2499,1093,0.437374949979992,0.5074029611844738,MIF,MIF single-gene control,source_near_epithelial_progenitor,MIF,True
0.5562224889955982,0.3886194477791116,0.00994223965484888,0.16760304121648661,0.038461538461538464,1.0,25,382.5310444918164,ok,GSM9226217,P23_AIS1,AIS,epithelial_progenitor_like,control_PRKDC,0.75,1.0,9996,2499,2499,1067,0.42697078831532614,0.48739495798319327,PRKDC,PRKDC single-gene control,source_near_epithelial_progenitor,PRKDC,False
0.5786314525810324,0.38925970388155257,0.00980751418442046,0.18937174869947987,0.038461538461538464,1.0,25,382.5310444918164,ok,GSM9226217,P23_AIS1,AIS,epithelial_progenitor_like,control_PHACTR2,0.75,1.0,9996,2499,2499,1113,0.44537815126050423,0.5178071228491397,PHACTR2,PHACTR2 single-gene control,source_near_epithelial_progenitor,PHACTR2,False
0.5350140056022409,0.3884113645458184,0.010029233220350103,0.14660264105642246,0.038461538461538464,1.0,25,382.5310444918164,ok,GSM9226217,P23_AIS1,AIS,epithelial_progenitor_like,control_RMND5A,0.75,1.0,9996,2499,2499,1000,0.4001600640256102,0.4657863145258103,RMND5A,RMND5A single-gene control,source_near_epithelial_progenitor,RMND5A,False
0.5882352941176471,0.38738695478191276,0.009412214988607108,0.20084833933573432,0.038461538461538464,1.0,25,382.5310444918164,ok,GSM9226217,P23_AIS1,AIS,epithelial_progenitor_like,control_CKB,0.75,1.0,9996,2499,2499,1176,0.47058823529411764,0.5322128851540616,CKB,CKB single-gene control,source_near_epithelial_progenitor,CKB,False
0.5378151260504201,0.38730692276910766,0.010370323894998215,0.15050820328131248,0.038461538461538464,1.0,25,382.5310444918164,ok,GSM9226217,P23_AIS1,AIS,epithelial_progenitor_like,control_KIF13B,0.75,1.0,9996,2499,2499,974,0.3897559023609444,0.46378551420568226,KIF13B,KIF13B single-gene control,source_near_epithelial_progenitor,KIF13B,False
0.5162064825930373,0.385610244097639,0.010057798529674422,0.13059623849539825,0.038461538461538464,1.0,25,382.5310444918164,ok,GSM9226217,P23_AIS1,AIS,epithelial_progenitor_like,control_NR2F2,0.75,1.0,9996,2499,2499,951,0.38055222088835533,0.45138055222088835,NR2F2,NR2F2 single-gene control,source_near_epithelial_progenitor,NR2F2,False
0.5546218487394958,0.3886834733893558,0.009559080475066276,0.16593837535014,0.038461538461538464,1.0,25,382.5310444918164,ok,GSM9226217,P23_AIS1,AIS,epithelial_progenitor_like,control_LIFR,0.75,1.0,9996,2499,2499,1065,0.4261704681872749,0.49979991996798717,LIFR,LIFR single-gene control,source_near_epithelial_progenitor,LIFR,False
0.6126450580232092,0.38621848739495795,0.007377393309122189,0.22642657062825128,0.038461538461538464,1.0,25,382.5310444918164,ok,GSM9226217,P23_AIS1,AIS,epithelial_progenitor_like,control_CITED2,0.75,1.0,9996,2499,2499,1323,0.5294117647058824,0.5942376950780313,CITED2,CITED2 single-gene control,source_near_epithelial_progenitor,CITED2,False
0.5594237695078031,0.3911804721888755,0.011549361693576357,0.16824329731892762,0.038461538461538464,1.0,25,382.5310444918164,ok,GSM9226217,P23_AIS1,AIS,epithelial_progenitor_like,control_DDX46,0.75,1.0,9996,2499,2499,1038,0.41536614645858344,0.48179271708683474,DDX46,DDX46 single-gene control,source_near_epithelial_progenitor,DDX46,False
0.5558223289315727,0.3892116846738696,0.010916671649735163,0.1666106442577031,0.038461538461538464,1.0,25,382.5310444918164,ok,GSM9226217,P23_AIS1,AIS,epithelial_progenitor_like,control_PPM1A,0.75,1.0,9996,2499,2499,1054,0.4217687074829932,0.4913965586234494,PPM1A,PPM1A single-gene control,source_near_epithelial_progenitor,PPM1A,False
0.5518207282913166,0.3906682673069228,0.008107990776175827,0.16115246098439379,0.038461538461538464,1.0,25,382.5310444918164,ok,GSM9226217,P23_AIS1,AIS,epithelial_progenitor_like,control_UXT,0.75,1.0,9996,2499,2499,1032,0.4129651860744298,0.48299319727891155,UXT,UXT single-gene control,source_near_epithelial_progenitor,UXT,False
0.571828731492597,0.3885554221688675,0.008534142426151518,0.18327330932372954,0.038461538461538464,1.0,25,382.5310444918164,ok,GSM9226217,P23_AIS1,AIS,epithelial_progenitor_like,control_SETD3,0.75,1.0,9996,2499,2499,1127,0.45098039215686275,0.517406962785114,SETD3,SETD3 single-gene control,source_near_epithelial_progenitor,SETD3,False
0.5434173669467787,0.387531012404962,0.010579725574529691,0.15588635454181665,0.038461538461538464,1.0,25,382.5310444918164,ok,GSM9226217,P23_AIS1,AIS,epithelial_progenitor_like,control_TRIM27,0.75,1.0,9996,2499,2499,1046,0.4185674269707883,0.4809923969587835,TRIM27,TRIM27 single-gene control,source_near_epithelial_progenitor,TRIM27,False
0.550220088035214,0.3864425770308123,0.011107307418222549,0.16377751100440174,0.038461538461538464,1.0,25,382.5310444918164,ok,GSM9226217,P23_AIS1,AIS,epithelial_progenitor_like,control_DERL1,0.75,1.0,9996,2499,2499,1013,0.4053621448579432,0.47418967587034816,DERL1,DERL1 single-gene control,source_near_epithelial_progenitor,DERL1,False
0.47498999599839936,0.3904601840736294,0.010271389922848428,0.08452981192476994,0.038461538461538464,1.0,25,382.5310444918164,ok,GSM9226217,P23_AIS1,AIS,epithelial_progenitor_like,control_MS4A7,0.75,1.0,9996,2499,2499,860,0.3441376550620248,0.4113645458183273,MS4A7,MS4A7 single-gene control,source_near_epithelial_progenitor,MS4A7,False
0.5682272909163666,0.38802721088435377,0.010138300893330853,0.18020008003201282,0.038461538461538464,1.0,25,382.5310444918164,ok,GSM9226217,P23_AIS1,AIS,epithelial_progenitor_like,control_PHF10,0.75,1.0,9996,2499,2499,1108,0.44337735094037617,0.5070028011204482,PHF10,PHF10 single-gene control,source_near_epithelial_progenitor,PHF10,False
0.5706282513005202,0.3861064425770308,0.011027005778087127,0.1845218087234894,0.038461538461538464,1.0,25,382.5310444918164,ok,GSM9226217,P23_AIS1,AIS,epithelial_progenitor_like,control_RAB1B,0.75,1.0,9996,2499,2499,1110,0.44417767106842737,0.5078031212484994,RAB1B,RAB1B single-gene control,source_near_epithelial_progenitor,RAB1B,False
0.5494197679071628,0.38887555022008796,0.009315367606348553,0.16054421768707489,0.038461538461538464,1.0,25,382.5310444918164,ok,GSM9226217,P23_AIS1,AIS,epithelial_progenitor_like,control_PRDX1,0.75,1.0,9996,2499,2499,1081,0.43257302921168467,0.49419767907162865,PRDX1,PRDX1 single-gene control,source_near_epithelial_progenitor,PRDX1,False
0.6070428171268507,0.3871628651460584,0.009808765847413765,0.2198799519807923,0.038461538461538464,1.0,25,382.5310444918164,ok,GSM9226217,P23_AIS1,AIS,epithelial_progenitor_like,control_SPRY2,0.75,1.0,9996,2499,2499,1268,0.5074029611844738,0.5686274509803921,SPRY2,SPRY2 single-gene control,source_near_epithelial_progenitor,SPRY2,False
0.5506202480992397,0.3845218087234894,0.0070823055956323175,0.1660984393757503,0.038461538461538464,1.0,25,382.5310444918164,ok,GSM9226217,P23_AIS1,AIS,epithelial_progenitor_like,control_BSG,0.75,1.0,9996,2499,2499,1031,0.4125650260104042,0.4881952781112445,BSG,BSG single-gene control,source_near_epithelial_progenitor,BSG,False
0.5511636497968231,0.3966752862947913,0.009632512644302652,0.15448836350203177,0.038461538461538464,1.0,25,382.47222121351507,ok,GSM9226218,P23_AIS2,AIS,epithelial_progenitor_like,control_MIF,0.75,1.0,10826,2707,2707,1131,0.41780568895456227,0.5049870705578131,MIF,MIF single-gene control,source_near_epithelial_progenitor,MIF,True
0.5478389360916144,0.39822681935722204,0.0074013244785991065,0.14961211673439234,0.038461538461538464,1.0,25,382.47222121351507,ok,GSM9226218,P23_AIS2,AIS,epithelial_progenitor_like,control_PRKDC,0.75,1.0,10826,2707,2707,1074,0.3967491688215737,0.4887329146656816,PRKDC,PRKDC single-gene control,source_near_epithelial_progenitor,PRKDC,False
0.5762837089028445,0.39335057258958256,0.007731969099413507,0.18293313631326197,0.038461538461538464,1.0,25,382.47222121351507,ok,GSM9226218,P23_AIS2,AIS,epithelial_progenitor_like,control_PHACTR2,0.75,1.0,10826,2707,2707,1174,0.4336904322127817,0.5304765422977465,PHACTR2,PHACTR2 single-gene control,source_near_epithelial_progenitor,PHACTR2,False
0.5474695234577023,0.3960694495751755,0.011001366253102555,0.1514000738825268,0.038461538461538464,1.0,25,382.47222121351507,ok,GSM9226218,P23_AIS2,AIS,epithelial_progenitor_like,control_RMND5A,0.75,1.0,10826,2707,2707,1083,0.40007388252678244,0.49464351680827484,RMND5A,RMND5A single-gene control,source_near_epithelial_progenitor,RMND5A,False
0.5910602142593276,0.39887698559290724,0.011776520955800755,0.1921832286664204,0.038461538461538464,1.0,25,382.47222121351507,ok,GSM9226218,P23_AIS2,AIS,epithelial_progenitor_like,control_CKB,0.75,1.0,10826,2707,2707,1258,0.4647210934613964,0.550794237162911,CKB,CKB single-gene control,source_near_epithelial_progenitor,CKB,False
0.5264130033247137,0.39655707425193937,0.008481835280571906,0.12985592907277438,0.038461538461538464,1.0,25,382.47222121351507,ok,GSM9226218,P23_AIS2,AIS,epithelial_progenitor_like,control_KIF13B,0.75,1.0,10826,2707,2707,1017,0.37569264868858515,0.46545991872922055,KIF13B,KIF13B single-gene control,source_near_epithelial_progenitor,KIF13B,False
0.5049870705578131,0.3949907646841522,0.0068518160342946185,0.10999630587366094,0.038461538461538464,1.0,25,382.47222121351507,ok,GSM9226218,P23_AIS2,AIS,epithelial_progenitor_like,control_NR2F2,0.75,1.0,10826,2707,2707,964,0.3561137790912449,0.4510528260066494,NR2F2,NR2F2 single-gene control,source_near_epithelial_progenitor,NR2F2,False
0.5659401551533062,0.39637975618766164,0.00798093745861408,0.16956039896564457,0.038461538461538464,1.0,25,382.47222121351507,ok,GSM9226218,P23_AIS2,AIS,epithelial_progenitor_like,control_LIFR,0.75,1.0,10826,2707,2707,1198,0.4425563354266716,0.5404506834133728,LIFR,LIFR single-gene control,source_near_epithelial_progenitor,LIFR,False
0.5973402290358331,0.3938973032877724,0.007466736204711718,0.20344292574806067,0.038461538461538464,1.0,25,382.47222121351507,ok,GSM9226218,P23_AIS2,AIS,epithelial_progenitor_like,control_CITED2,0.75,1.0,10826,2707,2707,1305,0.4820834872552641,0.5640930919837458,CITED2,CITED2 single-gene control,source_near_epithelial_progenitor,CITED2,False
0.5386036202438124,0.39481344661987444,0.009092154771938537,0.14379017362393792,0.038461538461538464,1.0,25,382.47222121351507,ok,GSM9226218,P23_AIS2,AIS,epithelial_progenitor_like,control_DDX46,0.75,1.0,10826,2707,2707,1066,0.3937938677502771,0.4872552641300332,DDX46,DDX46 single-gene control,source_near_epithelial_progenitor,DDX46,False
0.5522718876985593,0.39371998522349466,0.004735595252562345,0.15855190247506462,0.038461538461538464,1.0,25,382.47222121351507,ok,GSM9226218,P23_AIS2,AIS,epithelial_progenitor_like,control_PPM1A,0.75,1.0,10826,2707,2707,1086,0.40118212042851864,0.4920576283708903,PPM1A,PPM1A single-gene control,source_near_epithelial_progenitor,PPM1A,False
0.5227188769855929,0.3982120428518655,0.009627481976085117,0.12450683413372743,0.038461538461538464,1.0,25,382.47222121351507,ok,GSM9226218,P23_AIS2,AIS,epithelial_progenitor_like,control_UXT,0.75,1.0,10826,2707,2707,1008,0.37236793498337645,0.4588104913188031,UXT,UXT single-gene control,source_near_epithelial_progenitor,UXT,False
0.5445142223864056,0.3948725526413003,0.007867506253028725,0.1496416697451053,0.038461538461538464,1.0,25,382.47222121351507,ok,GSM9226218,P23_AIS2,AIS,epithelial_progenitor_like,control_SETD3,0.75,1.0,10826,2707,2707,1122,0.4144809752493535,0.5016623568526044,SETD3,SETD3 single-gene control,source_near_epithelial_progenitor,SETD3,False
0.5452530476542298,0.39853712596970814,0.010016624306488434,0.14671592168452163,0.038461538461538464,1.0,25,382.47222121351507,ok,GSM9226218,P23_AIS2,AIS,epithelial_progenitor_like,control_TRIM27,0.75,1.0,10826,2707,2707,1097,0.40524565940155155,0.4872552641300332,TRIM27,TRIM27 single-gene control,source_near_epithelial_progenitor,TRIM27,False
0.5430365718507573,0.3955227188769856,0.012033216086118929,0.14751385297377168,0.038461538461538464,1.0,25,382.47222121351507,ok,GSM9226218,P23_AIS2,AIS,epithelial_progenitor_like,control_DERL1,0.75,1.0,10826,2707,2707,1090,0.402659770964167,0.4935352789065386,DERL1,DERL1 single-gene control,source_near_epithelial_progenitor,DERL1,False
0.47026228297007755,0.3981529368304396,0.0087119268935486,0.07210934613963793,0.038461538461538464,1.0,25,382.47222121351507,ok,GSM9226218,P23_AIS2,AIS,epithelial_progenitor_like,control_MS4A7,0.75,1.0,10826,2707,2707,900,0.33247137052087183,0.4203915773919468,MS4A7,MS4A7 single-gene control,source_near_epithelial_progenitor,MS4A7,False
0.5574436645733284,0.398315478389361,0.011974269920436821,0.1591281861839674,0.038461538461538464,1.0,25,382.47222121351507,ok,GSM9226218,P23_AIS2,AIS,epithelial_progenitor_like,control_PHF10,0.75,1.0,10826,2707,2707,1136,0.4196527521241226,0.5120059106021426,PHF10,PHF10 single-gene control,source_near_epithelial_progenitor,PHF10,False
0.5530107129663835,0.3939416328038419,0.009408546481907679,0.15906908016254157,0.038461538461538464,1.0,25,382.47222121351507,ok,GSM9226218,P23_AIS2,AIS,epithelial_progenitor_like,control_RAB1B,0.75,1.0,10826,2707,2707,1143,0.42223864056150723,0.5064647210934614,RAB1B,RAB1B single-gene control,source_near_epithelial_progenitor,RAB1B,False
0.5363871444403399,0.39596601403768006,0.008708871831519782,0.1404211304026598,0.038461538461538464,1.0,25,382.47222121351507,ok,GSM9226218,P23_AIS2,AIS,epithelial_progenitor_like,control_PRDX1,0.75,1.0,10826,2707,2707,1057,0.3904691540450683,0.47210934613963795,PRDX1,PRDX1 single-gene control,source_near_epithelial_progenitor,PRDX1,False
0.5810860731437015,0.3915478389360916,0.008210550719109715,0.18953823420760996,0.038461538461538464,1.0,25,382.47222121351507,ok,GSM9226218,P23_AIS2,AIS,epithelial_progenitor_like,control_SPRY2,0.75,1.0,10826,2707,2707,1198,0.4425563354266716,0.527890653860362,SPRY2,SPRY2 single-gene control,source_near_epithelial_progenitor,SPRY2,False
0.541558921315109,0.39707425193941637,0.009938916305452102,0.1444846693756926,0.038461538461538464,1.0,25,382.47222121351507,ok,GSM9226218,P23_AIS2,AIS,epithelial_progenitor_like,control_BSG,0.75,1.0,10826,2707,2707,1092,0.40339859623199115,0.4916882157369782,BSG,BSG single-gene control,source_near_epithelial_progenitor,BSG,False
0.7533039647577092,0.3775770925110132,0.00930535277825492,0.37572687224669604,0.038461538461538464,1.0,25,382.0052355662158,ok,GSM9226219,P23_LUAD,LUAD,epithelial_progenitor_like,control_MIF,0.75,1.0,10894,2724,2724,1768,0.6490455212922174,0.6945668135095447,MIF,MIF single-gene control,source_near_epithelial_progenitor,MIF,True
0.7276064610866373,0.37606461086637294,0.008353201360486598,0.35154185022026435,0.038461538461538464,1.0,25,382.0052355662158,ok,GSM9226219,P23_LUAD,LUAD,epithelial_progenitor_like,control_PRKDC,0.75,1.0,10894,2724,2724,1674,0.6145374449339207,0.6637298091042585,PRKDC,PRKDC single-gene control,source_near_epithelial_progenitor,PRKDC,False
0.7169603524229075,0.375007342143906,0.011501611575871122,0.34195301027900143,0.038461538461538464,1.0,25,382.0052355662158,ok,GSM9226219,P23_LUAD,LUAD,epithelial_progenitor_like,control_PHACTR2,0.75,1.0,10894,2724,2724,1658,0.6086637298091042,0.6479441997063142,PHACTR2,PHACTR2 single-gene control,source_near_epithelial_progenitor,PHACTR2,False
0.552863436123348,0.37986784140969165,0.0078107609662918685,0.17299559471365633,0.038461538461538464,1.0,25,382.0052355662158,ok,GSM9226219,P23_LUAD,LUAD,epithelial_progenitor_like,control_RMND5A,0.75,1.0,10894,2724,2724,1163,0.42694566813509544,0.4581497797356828,RMND5A,RMND5A single-gene control,source_near_epithelial_progenitor,RMND5A,False
0.7019089574155654,0.3797503671071953,0.009991499733465414,0.3221585903083701,0.038461538461538464,1.0,25,382.0052355662158,ok,GSM9226219,P23_LUAD,LUAD,epithelial_progenitor_like,control_CKB,0.75,1.0,10894,2724,2724,1609,0.5906754772393539,0.631791483113069,CKB,CKB single-gene control,source_near_epithelial_progenitor,CKB,False
0.4750367107195301,0.37688693098384735,0.009413204043605268,0.09814977973568273,0.038461538461538464,1.0,25,382.0052355662158,ok,GSM9226219,P23_LUAD,LUAD,epithelial_progenitor_like,control_KIF13B,0.75,1.0,10894,2724,2724,947,0.3476505139500734,0.3777533039647577,KIF13B,KIF13B single-gene control,source_near_epithelial_progenitor,KIF13B,False
0.5139500734214391,0.3784581497797357,0.011682683016937255,0.13549192364170337,0.038461538461538464,1.0,25,382.0052355662158,ok,GSM9226219,P23_LUAD,LUAD,epithelial_progenitor_like,control_NR2F2,0.75,1.0,10894,2724,2724,1057,0.3880323054331865,0.4262114537444934,NR2F2,NR2F2 single-gene control,source_near_epithelial_progenitor,NR2F2,False
0.47687224669603523,0.3789720998531571,0.010521277700401134,0.09790014684287812,0.038461538461538464,1.0,25,382.0052355662158,ok,GSM9226219,P23_LUAD,LUAD,epithelial_progenitor_like,control_LIFR,0.75,1.0,10894,2724,2724,971,0.3564610866372981,0.38362701908957414,LIFR,LIFR single-gene control,source_near_epithelial_progenitor,LIFR,False
0.8538913362701909,0.37998531571218797,0.01362421143245126,0.4739060205580029,0.038461538461538464,1.0,25,382.0052355662158,ok,GSM9226219,P23_LUAD,LUAD,epithelial_progenitor_like,control_CITED2,0.75,1.0,10894,2724,2724,2156,0.7914831130690162,0.8472834067547724,CITED2,CITED2 single-gene control,source_near_epithelial_progenitor,CITED2,False
0.631791483113069,0.37838472834067555,0.009067200922382088,0.25340675477239344,0.038461538461538464,1.0,25,382.0052355662158,ok,GSM9226219,P23_LUAD,LUAD,epithelial_progenitor_like,control_DDX46,0.75,1.0,10894,2724,2724,1373,0.5040381791483113,0.5363436123348018,DDX46,DDX46 single-gene control,source_near_epithelial_progenitor,DDX46,False
0.6743759177679882,0.37738619676945667,0.0089283307687337,0.29698972099853155,0.038461538461538464,1.0,25,382.0052355662158,ok,GSM9226219,P23_LUAD,LUAD,epithelial_progenitor_like,control_PPM1A,0.75,1.0,10894,2724,2724,1489,0.5466226138032305,0.5862701908957415,PPM1A,PPM1A single-gene control,source_near_epithelial_progenitor,PPM1A,False
0.6563876651982379,0.37496328928046985,0.008188218804403624,0.28142437591776803,0.038461538461538464,1.0,25,382.0052355662158,ok,GSM9226219,P23_LUAD,LUAD,epithelial_progenitor_like,control_UXT,0.75,1.0,10894,2724,2724,1438,0.5279001468428781,0.5715859030837004,UXT,UXT single-gene control,source_near_epithelial_progenitor,UXT,False
0.6453744493392071,0.37782672540381795,0.00822243633251705,0.2675477239353891,0.038461538461538464,1.0,25,382.0052355662158,ok,GSM9226219,P23_LUAD,LUAD,epithelial_progenitor_like,control_SETD3,0.75,1.0,10894,2724,2724,1418,0.5205580029368576,0.5572687224669604,SETD3,SETD3 single-gene control,source_near_epithelial_progenitor,SETD3,False
0.7184287812041116,0.37693098384728335,0.009515491205767586,0.3414977973568282,0.038461538461538464,1.0,25,382.0052355662158,ok,GSM9226219,P23_LUAD,LUAD,epithelial_progenitor_like,control_TRIM27,0.75,1.0,10894,2724,2724,1649,0.605359765051395,0.6464757709251101,TRIM27,TRIM27 single-gene control,source_near_epithelial_progenitor,TRIM27,False
0.5822320117474302,0.37816446402349485,0.010208462778256785,0.20406754772393537,0.038461538461538464,1.0,25,382.0052355662158,ok,GSM9226219,P23_LUAD,LUAD,epithelial_progenitor_like,control_DERL1,0.75,1.0,10894,2724,2724,1234,0.45301027900146845,0.48237885462555063,DERL1,DERL1 single-gene control,source_near_epithelial_progenitor,DERL1,False
0.32599118942731276,0.37738619676945667,0.01065401751903924,-0.05139500734214392,1.0,0.038461538461538464,25,382.0052355662158,ok,GSM9226219,P23_LUAD,LUAD,epithelial_progenitor_like,control_MS4A7,0.75,1.0,10894,2724,2724,628,0.2305433186490455,0.26064610866372984,MS4A7,MS4A7 single-gene control,source_near_epithelial_progenitor,MS4A7,False
0.7173274596182085,0.3774743024963289,0.010674700411591449,0.33985315712187963,0.038461538461538464,1.0,25,382.0052355662158,ok,GSM9226219,P23_LUAD,LUAD,epithelial_progenitor_like,control_PHF10,0.75,1.0,10894,2724,2724,1629,0.5980176211453745,0.6395007342143906,PHF10,PHF10 single-gene control,source_near_epithelial_progenitor,PHF10,False
0.6791483113069016,0.37832599118942734,0.008291856431628403,0.30082232011747423,0.038461538461538464,1.0,25,382.0052355662158,ok,GSM9226219,P23_LUAD,LUAD,epithelial_progenitor_like,control_RAB1B,0.75,1.0,10894,2724,2724,1527,0.5605726872246696,0.6009544787077826,RAB1B,RAB1B single-gene control,source_near_epithelial_progenitor,RAB1B,False
0.6828193832599119,0.37675477239353894,0.008948760291991192,0.30606461086637293,0.038461538461538464,1.0,25,382.0052355662158,ok,GSM9226219,P23_LUAD,LUAD,epithelial_progenitor_like,control_PRDX1,0.75,1.0,10894,2724,2724,1544,0.566813509544787,0.606093979441997,PRDX1,PRDX1 single-gene control,source_near_epithelial_progenitor,PRDX1,False
0.6402349486049926,0.3779441997063142,0.009094779775155366,0.2622907488986784,0.038461538461538464,1.0,25,382.0052355662158,ok,GSM9226219,P23_LUAD,LUAD,epithelial_progenitor_like,control_SPRY2,0.75,1.0,10894,2724,2724,1385,0.5084434654919237,0.5436857562408223,SPRY2,SPRY2 single-gene control,source_near_epithelial_progenitor,SPRY2,False
0.6093979441997063,0.3776945668135096,0.011870436373698149,0.23170337738619667,0.038461538461538464,1.0,25,382.0052355662158,ok,GSM9226219,P23_LUAD,LUAD,epithelial_progenitor_like,control_BSG,0.75,1.0,10894,2724,2724,1315,0.48274596182085167,0.5297356828193832,BSG,BSG single-gene control,source_near_epithelial_progenitor,BSG,False
0.6136498516320474,0.41101483679525225,0.01234231135003762,0.2026350148367952,0.038461538461538464,1.0,25,394.31586323656825,ok,GSM9226220,P24_AAH,AAH,epithelial_progenitor_like,control_MIF,0.75,1.0,6738,1685,1685,766,0.4545994065281899,0.5400593471810089,MIF,MIF single-gene control,source_near_epithelial_progenitor,MIF,True
0.5566765578635015,0.41894362017804154,0.011776241452856474,0.1377329376854599,0.038461538461538464,1.0,25,394.31586323656825,ok,GSM9226220,P24_AAH,AAH,epithelial_progenitor_like,control_PRKDC,0.75,1.0,6738,1685,1685,685,0.4065281899109792,0.4884272997032641,PRKDC,PRKDC single-gene control,source_near_epithelial_progenitor,PRKDC,False
0.5703264094955489,0.4134836795252225,0.012946348699778593,0.1568427299703264,0.038461538461538464,1.0,25,394.31586323656825,ok,GSM9226220,P24_AAH,AAH,epithelial_progenitor_like,control_PHACTR2,0.75,1.0,6738,1685,1685,706,0.41899109792284867,0.5032640949554896,PHACTR2,PHACTR2 single-gene control,source_near_epithelial_progenitor,PHACTR2,False
0.5780415430267062,0.4130089020771513,0.01458130164941727,0.1650326409495549,0.038461538461538464,1.0,25,394.31586323656825,ok,GSM9226220,P24_AAH,AAH,epithelial_progenitor_like,control_RMND5A,0.75,1.0,6738,1685,1685,712,0.42255192878338277,0.5026706231454006,RMND5A,RMND5A single-gene control,source_near_epithelial_progenitor,RMND5A,False
0.5863501483679525,0.41538278931750744,0.010392706449636116,0.17096735905044508,0.038461538461538464,1.0,25,394.31586323656825,ok,GSM9226220,P24_AAH,AAH,epithelial_progenitor_like,control_CKB,0.75,1.0,6738,1685,1685,729,0.4326409495548961,0.5216617210682493,CKB,CKB single-gene control,source_near_epithelial_progenitor,CKB,False
0.5703264094955489,0.4146231454005935,0.011438620684470092,0.15570326409495544,0.038461538461538464,1.0,25,394.31586323656825,ok,GSM9226220,P24_AAH,AAH,epithelial_progenitor_like,control_KIF13B,0.75,1.0,6738,1685,1685,685,0.4065281899109792,0.4913946587537092,KIF13B,KIF13B single-gene control,source_near_epithelial_progenitor,KIF13B,False
0.486053412462908,0.3953946587537092,0.011765469494568775,0.09065875370919879,0.038461538461538464,1.0,25,394.31586323656825,ok,GSM9226220,P24_AAH,AAH,epithelial_progenitor_like,control_NR2F2,0.75,1.0,6738,1685,1584,567,0.3364985163204748,0.44696969696969696,NR2F2,NR2F2 single-gene control,source_near_epithelial_progenitor,NR2F2,False
0.5875370919881305,0.4124391691394658,0.013526167369104163,0.1750979228486647,0.038461538461538464,1.0,25,394.31586323656825,ok,GSM9226220,P24_AAH,AAH,epithelial_progenitor_like,control_LIFR,0.75,1.0,6738,1685,1685,771,0.457566765578635,0.5394658753709198,LIFR,LIFR single-gene control,source_near_epithelial_progenitor,LIFR,False
0.597626112759644,0.4118694362017804,0.014213412378325515,0.18575667655786354,0.038461538461538464,1.0,25,394.31586323656825,ok,GSM9226220,P24_AAH,AAH,epithelial_progenitor_like,control_CITED2,0.75,1.0,6738,1685,1685,803,0.47655786350148366,0.5548961424332344,CITED2,CITED2 single-gene control,source_near_epithelial_progenitor,CITED2,False
0.5780415430267062,0.4159525222551929,0.012726615177644212,0.16208902077151327,0.038461538461538464,1.0,25,394.31586323656825,ok,GSM9226220,P24_AAH,AAH,epithelial_progenitor_like,control_DDX46,0.75,1.0,6738,1685,1685,726,0.4308605341246291,0.51513353115727,DDX46,DDX46 single-gene control,source_near_epithelial_progenitor,DDX46,False
0.5792284866468843,0.41509792284866465,0.010969974981441921,0.16413056379821966,0.038461538461538464,1.0,25,394.31586323656825,ok,GSM9226220,P24_AAH,AAH,epithelial_progenitor_like,control_PPM1A,0.75,1.0,6738,1685,1685,715,0.42433234421364985,0.5097922848664689,PPM1A,PPM1A single-gene control,source_near_epithelial_progenitor,PPM1A,False
0.5400593471810089,0.4145044510385757,0.012126397553301319,0.1255548961424332,0.038461538461538464,1.0,25,394.31586323656825,ok,GSM9226220,P24_AAH,AAH,epithelial_progenitor_like,control_UXT,0.75,1.0,6738,1685,1685,667,0.39584569732937686,0.48130563798219583,UXT,UXT single-gene control,source_near_epithelial_progenitor,UXT,False
0.5643916913946587,0.41516913946587536,0.012092464476366326,0.14922255192878336,0.038461538461538464,1.0,25,394.31586323656825,ok,GSM9226220,P24_AAH,AAH,epithelial_progenitor_like,control_SETD3,0.75,1.0,6738,1685,1685,699,0.4148367952522255,0.5074183976261127,SETD3,SETD3 single-gene control,source_near_epithelial_progenitor,SETD3,False
0.5738872403560831,0.4180652818991098,0.013882336161794457,0.15582195845697328,0.038461538461538464,1.0,25,394.31586323656825,ok,GSM9226220,P24_AAH,AAH,epithelial_progenitor_like,control_TRIM27,0.75,1.0,6738,1685,1685,692,0.4106824925816024,0.5056379821958457,TRIM27,TRIM27 single-gene control,source_near_epithelial_progenitor,TRIM27,False
0.5293768545994065,0.4164272997032641,0.010271692408935284,0.11294955489614245,0.038461538461538464,1.0,25,394.31586323656825,ok,GSM9226220,P24_AAH,AAH,epithelial_progenitor_like,control_DERL1,0.75,1.0,6738,1685,1685,648,0.3845697329376855,0.4629080118694362,DERL1,DERL1 single-gene control,source_near_epithelial_progenitor,DERL1,False
0.4344213649851632,0.4165697329376855,0.010659002638417259,0.017851632047477695,0.07692307692307693,0.9615384615384616,25,394.31586323656825,ok,GSM9226220,P24_AAH,AAH,epithelial_progenitor_like,control_MS4A7,0.75,1.0,6738,1685,1685,532,0.31572700296735906,0.4106824925816024,MS4A7,MS4A7 single-gene control,source_near_epithelial_progenitor,MS4A7,False
0.600593471810089,0.4141958456973293,0.012990933896941033,0.18639762611275973,0.038461538461538464,1.0,25,394.31586323656825,ok,GSM9226220,P24_AAH,AAH,epithelial_progenitor_like,control_PHF10,0.75,1.0,6738,1685,1685,759,0.45044510385756675,0.5382789317507418,PHF10,PHF10 single-gene control,source_near_epithelial_progenitor,PHF10,False
0.5744807121661721,0.4164747774480711,0.012573434819788605,0.15800593471810104,0.038461538461538464,1.0,25,394.31586323656825,ok,GSM9226220,P24_AAH,AAH,epithelial_progenitor_like,control_RAB1B,0.75,1.0,6738,1685,1685,712,0.42255192878338277,0.5157270029673591,RAB1B,RAB1B single-gene control,source_near_epithelial_progenitor,RAB1B,False
0.5364985163204747,0.4182789317507419,0.01164601797354048,0.11821958456973286,0.038461538461538464,1.0,25,394.31586323656825,ok,GSM9226220,P24_AAH,AAH,epithelial_progenitor_like,control_PRDX1,0.75,1.0,6738,1685,1685,693,0.4112759643916914,0.4896142433234421,PRDX1,PRDX1 single-gene control,source_near_epithelial_progenitor,PRDX1,False
0.5543026706231454,0.412700296735905,0.014578362516159071,0.1416023738872404,0.038461538461538464,1.0,25,394.31586323656825,ok,GSM9226220,P24_AAH,AAH,epithelial_progenitor_like,control_SPRY2,0.75,1.0,6738,1685,1685,690,0.4094955489614243,0.4908011869436202,SPRY2,SPRY2 single-gene control,source_near_epithelial_progenitor,SPRY2,False
0.5353115727002967,0.4118456973293768,0.010343959982657283,0.12346587537091991,0.038461538461538464,1.0,25,394.31586323656825,ok,GSM9226220,P24_AAH,AAH,epithelial_progenitor_like,control_BSG,0.75,1.0,6738,1685,1685,641,0.3804154302670623,0.4652818991097923,BSG,BSG single-gene control,source_near_epithelial_progenitor,BSG,False
0.8546845124282982,0.42628425748884635,0.015178267266933235,0.4284002549394519,0.038461538461538464,1.0,25,395.47945585074325,ok,GSM9226221,P24_LUAD,LUAD,epithelial_progenitor_like,control_MIF,0.75,1.0,6276,1569,1569,1229,0.7833014659018483,0.8393881453154876,MIF,MIF single-gene control,source_near_epithelial_progenitor,MIF,True
0.8177182919056724,0.42572339069471005,0.01608119552993421,0.3919949012109623,0.038461538461538464,1.0,25,395.47945585074325,ok,GSM9226221,P24_LUAD,LUAD,epithelial_progenitor_like,control_PRKDC,0.75,1.0,6276,1569,1569,1117,0.7119184193753983,0.7750159337157425,PRKDC,PRKDC single-gene control,source_near_epithelial_progenitor,PRKDC,False
0.43148502230720204,0.4252899936265137,0.015012142329288443,0.00619502868068833,0.3076923076923077,0.7692307692307693,25,395.47945585074325,ok,GSM9226221,P24_LUAD,LUAD,epithelial_progenitor_like,control_PHACTR2,0.75,1.0,6276,1569,1569,422,0.26896112173358827,0.3505417463352454,PHACTR2,PHACTR2 single-gene control,source_near_epithelial_progenitor,PHACTR2,False
0.6653919694072657,0.42304652644996815,0.0156283463735968,0.2423454429572976,0.038461538461538464,1.0,25,395.47945585074325,ok,GSM9226221,P24_LUAD,LUAD,epithelial_progenitor_like,control_RMND5A,0.75,1.0,6276,1569,1569,774,0.4933078393881453,0.5634161886551944,RMND5A,RMND5A single-gene control,source_near_epithelial_progenitor,RMND5A,False
0.6379859783301466,0.42531548757170173,0.013349778891021435,0.21267049075844485,0.038461538461538464,1.0,25,395.47945585074325,ok,GSM9226221,P24_LUAD,LUAD,epithelial_progenitor_like,control_CKB,0.75,1.0,6276,1569,1569,735,0.4684512428298279,0.5270873167622689,CKB,CKB single-gene control,source_near_epithelial_progenitor,CKB,False
0.6889738687061823,0.4234544295729764,0.013651019751818925,0.26551943913320586,0.038461538461538464,1.0,25,395.47945585074325,ok,GSM9226221,P24_LUAD,LUAD,epithelial_progenitor_like,control_KIF13B,0.75,1.0,6276,1569,1569,861,0.5487571701720841,0.6144040790312301,KIF13B,KIF13B single-gene control,source_near_epithelial_progenitor,KIF13B,False
0.4346717654557043,0.41940089228808153,0.014912550617343546,0.015270873167622767,0.15384615384615385,0.8846153846153846,25,395.47945585074325,ok,GSM9226221,P24_LUAD,LUAD,epithelial_progenitor_like,control_NR2F2,0.75,1.0,6276,1569,1569,419,0.26704907584448695,0.35181644359464626,NR2F2,NR2F2 single-gene control,source_near_epithelial_progenitor,NR2F2,False
0.8215423836838751,0.4218738049713193,0.009321645875183285,0.3996685787125558,0.038461538461538464,1.0,25,395.47945585074325,ok,GSM9226221,P24_LUAD,LUAD,epithelial_progenitor_like,control_LIFR,0.75,1.0,6276,1569,1569,1125,0.7170172084130019,0.7769279796048438,LIFR,LIFR single-gene control,source_near_epithelial_progenitor,LIFR,False
0.40854047163798596,0.4261567877629063,0.013012270042360177,-0.017616316124920317,0.9615384615384616,0.07692307692307693,25,395.47945585074325,ok,GSM9226221,P24_LUAD,LUAD,epithelial_progenitor_like,control_CITED2,0.75,1.0,6276,1569,1569,413,0.26322498406628425,0.32122370936902483,CITED2,CITED2 single-gene control,source_near_epithelial_progenitor,CITED2,False
0.7316762268961122,0.42490758444869337,0.01383907804808508,0.30676864244741886,0.038461538461538464,1.0,25,395.47945585074325,ok,GSM9226221,P24_LUAD,LUAD,epithelial_progenitor_like,control_DDX46,0.75,1.0,6276,1569,1569,871,0.5551306564690885,0.6347992351816444,DDX46,DDX46 single-gene control,source_near_epithelial_progenitor,DDX46,False
0.6921606118546845,0.4235309114085405,0.016042880771431275,0.268629700446144,0.038461538461538464,1.0,25,395.47945585074325,ok,GSM9226221,P24_LUAD,LUAD,epithelial_progenitor_like,control_PPM1A,0.75,1.0,6276,1569,1569,815,0.5194391332058637,0.6035691523263225,PPM1A,PPM1A single-gene control,source_near_epithelial_progenitor,PPM1A,False
0.6908859145952836,0.4276354365838113,0.014383336164552504,0.2632504780114723,0.038461538461538464,1.0,25,395.47945585074325,ok,GSM9226221,P24_LUAD,LUAD,epithelial_progenitor_like,control_UXT,0.75,1.0,6276,1569,1569,815,0.5194391332058637,0.5971956660293181,UXT,UXT single-gene control,source_near_epithelial_progenitor,UXT,False
0.6921606118546845,0.42557042702358194,0.010810717902848169,0.26659018483110253,0.038461538461538464,1.0,25,395.47945585074325,ok,GSM9226221,P24_LUAD,LUAD,epithelial_progenitor_like,control_SETD3,0.75,1.0,6276,1569,1569,815,0.5194391332058637,0.5997450605481198,SETD3,SETD3 single-gene control,source_near_epithelial_progenitor,SETD3,False
0.8362014021669854,0.4281198215423837,0.012985760013596779,0.40808158062460165,0.038461538461538464,1.0,25,395.47945585074325,ok,GSM9226221,P24_LUAD,LUAD,epithelial_progenitor_like,control_TRIM27,0.75,1.0,6276,1569,1569,1124,0.7163798597833014,0.7903123008285532,TRIM27,TRIM27 single-gene control,source_near_epithelial_progenitor,TRIM27,False
0.8240917782026769,0.4264882090503505,0.014717418148446309,0.39760356915232636,0.038461538461538464,1.0,25,395.47945585074325,ok,GSM9226221,P24_LUAD,LUAD,epithelial_progenitor_like,control_DERL1,0.75,1.0,6276,1569,1569,1142,0.7278521351179095,0.8030592734225621,DERL1,DERL1 single-gene control,source_near_epithelial_progenitor,DERL1,False
0.3135755258126195,0.4241172721478649,0.017112820598028763,-0.11054174633524538,1.0,0.038461538461538464,25,395.47945585074325,ok,GSM9226221,P24_LUAD,LUAD,epithelial_progenitor_like,control_MS4A7,0.75,1.0,6276,1569,1569,296,0.18865519439133205,0.27151051625239003,MS4A7,MS4A7 single-gene control,source_near_epithelial_progenitor,MS4A7,False
0.7189292543021033,0.4231485022307202,0.015895343640428144,0.2957807520713831,0.038461538461538464,1.0,25,395.47945585074325,ok,GSM9226221,P24_LUAD,LUAD,epithelial_progenitor_like,control_PHF10,0.75,1.0,6276,1569,1569,885,0.5640535372848948,0.6392606755895475,PHF10,PHF10 single-gene control,source_near_epithelial_progenitor,PHF10,False
0.8005098789037604,0.4232759719566602,0.012756688457849906,0.37723390694710013,0.038461538461538464,1.0,25,395.47945585074325,ok,GSM9226221,P24_LUAD,LUAD,epithelial_progenitor_like,control_RAB1B,0.75,1.0,6276,1569,1569,1060,0.6755895474824729,0.7450605481198216,RAB1B,RAB1B single-gene control,source_near_epithelial_progenitor,RAB1B,False
0.8387507966857871,0.4235309114085405,0.012081805848606004,0.4152198852772466,0.038461538461538464,1.0,25,395.47945585074325,ok,GSM9226221,P24_LUAD,LUAD,epithelial_progenitor_like,control_PRDX1,0.75,1.0,6276,1569,1569,1229,0.7833014659018483,0.8655194391332058,PRDX1,PRDX1 single-gene control,source_near_epithelial_progenitor,PRDX1,False
0.8100701083492671,0.4280943275971957,0.014428264813483737,0.3819757807520714,0.038461538461538464,1.0,25,395.47945585074325,ok,GSM9226221,P24_LUAD,LUAD,epithelial_progenitor_like,control_SPRY2,0.75,1.0,6276,1569,1569,1093,0.6966220522625877,0.7533460803059273,SPRY2,SPRY2 single-gene control,source_near_epithelial_progenitor,SPRY2,False
0.7023581899298916,0.42493307839388145,0.014386913031839801,0.2774251115360102,0.038461538461538464,1.0,25,395.47945585074325,ok,GSM9226221,P24_LUAD,LUAD,epithelial_progenitor_like,control_BSG,0.75,1.0,6276,1569,1569,830,0.5289993626513703,0.6086679413639261,BSG,BSG single-gene control,source_near_epithelial_progenitor,BSG,False
0.4483648881239243,0.3817039586919105,0.009382056253847703,0.0666609294320138,0.038461538461538464,1.0,25,382.37416230702615,ok,GSM9226222,P25_AAH,AAH,epithelial_progenitor_like,control_MIF,0.75,1.0,9294,2324,2324,784,0.3373493975903614,0.4100688468158348,MIF,MIF single-gene control,source_near_epithelial_progenitor,MIF,True
0.4651462994836489,0.38067125645438893,0.007430826367216634,0.08447504302925996,0.038461538461538464,1.0,25,382.37416230702615,ok,GSM9226222,P25_AAH,AAH,epithelial_progenitor_like,control_PRKDC,0.75,1.0,9294,2324,2324,809,0.3481067125645439,0.43287435456110157,PRKDC,PRKDC single-gene control,source_near_epithelial_progenitor,PRKDC,False
0.44664371772805506,0.38104991394148024,0.0075424863631217845,0.06559380378657481,0.038461538461538464,1.0,25,382.37416230702615,ok,GSM9226222,P25_AAH,AAH,epithelial_progenitor_like,control_PHACTR2,0.75,1.0,9294,2324,2324,803,0.3455249569707401,0.42168674698795183,PHACTR2,PHACTR2 single-gene control,source_near_epithelial_progenitor,PHACTR2,False
0.4677280550774527,0.38106712564543893,0.008184047591054318,0.08666092943201376,0.038461538461538464,1.0,25,382.37416230702615,ok,GSM9226222,P25_AAH,AAH,epithelial_progenitor_like,control_RMND5A,0.75,1.0,9294,2324,2324,786,0.33820998278829606,0.4173838209982788,RMND5A,RMND5A single-gene control,source_near_epithelial_progenitor,RMND5A,False
0.5021514629948365,0.37970740103270223,0.01017278806034,0.12244406196213425,0.038461538461538464,1.0,25,382.37416230702615,ok,GSM9226222,P25_AAH,AAH,epithelial_progenitor_like,control_CKB,0.75,1.0,9294,2324,2324,915,0.39371772805507743,0.4763339070567986,CKB,CKB single-gene control,source_near_epithelial_progenitor,CKB,False
0.443631669535284,0.38106712564543893,0.009313623417346543,0.06256454388984506,0.038461538461538464,1.0,25,382.37416230702615,ok,GSM9226222,P25_AAH,AAH,epithelial_progenitor_like,control_KIF13B,0.75,1.0,9294,2324,2324,728,0.3132530120481928,0.3993115318416523,KIF13B,KIF13B single-gene control,source_near_epithelial_progenitor,KIF13B,False
0.4453528399311532,0.38030981067125647,0.009031601458803313,0.06504302925989675,0.038461538461538464,1.0,25,382.37416230702615,ok,GSM9226222,P25_AAH,AAH,epithelial_progenitor_like,control_NR2F2,0.75,1.0,9294,2324,2324,779,0.33519793459552494,0.4242685025817556,NR2F2,NR2F2 single-gene control,source_near_epithelial_progenitor,NR2F2,False
0.4664371772805508,0.37960413080895,0.007701315983166265,0.08683304647160078,0.038461538461538464,1.0,25,382.37416230702615,ok,GSM9226222,P25_AAH,AAH,epithelial_progenitor_like,control_LIFR,0.75,1.0,9294,2324,2324,840,0.3614457831325301,0.4388984509466437,LIFR,LIFR single-gene control,source_near_epithelial_progenitor,LIFR,False
0.5012908777969018,0.3771944922547333,0.009649657310761535,0.12409638554216856,0.038461538461538464,1.0,25,382.37416230702615,ok,GSM9226222,P25_AAH,AAH,epithelial_progenitor_like,control_CITED2,0.75,1.0,9294,2324,2324,927,0.39888123924268504,0.4776247848537005,CITED2,CITED2 single-gene control,source_near_epithelial_progenitor,CITED2,False
0.47676419965576594,0.3801893287435456,0.00888815514348048,0.09657487091222033,0.038461538461538464,1.0,25,382.37416230702615,ok,GSM9226222,P25_AAH,AAH,epithelial_progenitor_like,control_DDX46,0.75,1.0,9294,2324,2324,829,0.35671256454388983,0.4367469879518072,DDX46,DDX46 single-gene control,source_near_epithelial_progenitor,DDX46,False
0.46858864027538727,0.377986230636833,0.01053929966697804,0.09060240963855426,0.038461538461538464,1.0,25,382.37416230702615,ok,GSM9226222,P25_AAH,AAH,epithelial_progenitor_like,control_PPM1A,0.75,1.0,9294,2324,2324,798,0.3433734939759036,0.42039586919104993,PPM1A,PPM1A single-gene control,source_near_epithelial_progenitor,PPM1A,False
0.46987951807228917,0.3787091222030981,0.008056091825053477,0.09117039586919107,0.038461538461538464,1.0,25,382.37416230702615,ok,GSM9226222,P25_AAH,AAH,epithelial_progenitor_like,control_UXT,0.75,1.0,9294,2324,2324,812,0.3493975903614458,0.42986230636833045,UXT,UXT single-gene control,source_near_epithelial_progenitor,UXT,False
0.45309810671256456,0.38056798623063687,0.009086444435451882,0.0725301204819277,0.038461538461538464,1.0,25,382.37416230702615,ok,GSM9226222,P25_AAH,AAH,epithelial_progenitor_like,control_SETD3,0.75,1.0,9294,2324,2324,792,0.3407917383820998,0.4152323580034423,SETD3,SETD3 single-gene control,source_near_epithelial_progenitor,SETD3,False
0.45438898450946646,0.3794148020654044,0.00903552985369073,0.07497418244406207,0.038461538461538464,1.0,25,382.37416230702615,ok,GSM9226222,P25_AAH,AAH,epithelial_progenitor_like,control_TRIM27,0.75,1.0,9294,2324,2324,775,0.3334767641996558,0.40490533562822717,TRIM27,TRIM27 single-gene control,source_near_epithelial_progenitor,TRIM27,False
0.4535283993115318,0.37733218588640277,0.00809297144824006,0.07619621342512906,0.038461538461538464,1.0,25,382.37416230702615,ok,GSM9226222,P25_AAH,AAH,epithelial_progenitor_like,control_DERL1,0.75,1.0,9294,2324,2324,769,0.33089500860585197,0.4070567986230637,DERL1,DERL1 single-gene control,source_near_epithelial_progenitor,DERL1,False
0.3407917383820998,0.3804130808950086,0.007392522024958431,-0.039621342512908775,1.0,0.038461538461538464,25,382.37416230702615,ok,GSM9226222,P25_AAH,AAH,epithelial_progenitor_like,control_MS4A7,0.75,1.0,9294,2324,2324,573,0.24655765920826161,0.32142857142857145,MS4A7,MS4A7 single-gene control,source_near_epithelial_progenitor,MS4A7,False
0.4470740103270224,0.3751290877796902,0.009655252010463376,0.0719449225473322,0.038461538461538464,1.0,25,382.37416230702615,ok,GSM9226222,P25_AAH,AAH,epithelial_progenitor_like,control_PHF10,0.75,1.0,9294,2324,2324,774,0.33304647160068845,0.41480206540447506,PHF10,PHF10 single-gene control,source_near_epithelial_progenitor,PHF10,False
0.4789156626506024,0.3791910499139414,0.006605937409476302,0.099724612736661,0.038461538461538464,1.0,25,382.37416230702615,ok,GSM9226222,P25_AAH,AAH,epithelial_progenitor_like,control_RAB1B,0.75,1.0,9294,2324,2324,839,0.3610154905335628,0.4427710843373494,RAB1B,RAB1B single-gene control,source_near_epithelial_progenitor,RAB1B,False
0.4642857142857143,0.3811359724612737,0.008085685310050517,0.08314974182444063,0.038461538461538464,1.0,25,382.37416230702615,ok,GSM9226222,P25_AAH,AAH,epithelial_progenitor_like,control_PRDX1,0.75,1.0,9294,2324,2324,800,0.3442340791738382,0.42900172117039587,PRDX1,PRDX1 single-gene control,source_near_epithelial_progenitor,PRDX1,False
0.4814974182444062,0.38406196213425126,0.009986033510149737,0.09743545611015492,0.038461538461538464,1.0,25,382.37416230702615,ok,GSM9226222,P25_AAH,AAH,epithelial_progenitor_like,control_SPRY2,0.75,1.0,9294,2324,2324,846,0.3640275387263339,0.4475043029259897,SPRY2,SPRY2 single-gene control,source_near_epithelial_progenitor,SPRY2,False
0.45137693631669534,0.3786746987951808,0.011216174525751056,0.07270223752151456,0.038461538461538464,1.0,25,382.37416230702615,ok,GSM9226222,P25_AAH,AAH,epithelial_progenitor_like,control_BSG,0.75,1.0,9294,2324,2324,787,0.3386402753872633,0.41824440619621345,BSG,BSG single-gene control,source_near_epithelial_progenitor,BSG,False
0.8481012658227848,0.3566666666666667,0.011684285102322414,0.4914345991561181,0.038461538461538464,1.0,25,382.0052355662158,ok,GSM9226223,P25_LUAD,LUAD,epithelial_progenitor_like,control_MIF,0.75,1.0,3791,948,948,761,0.8027426160337553,0.8428270042194093,MIF,MIF single-gene control,source_near_epithelial_progenitor,MIF,True
0.8080168776371308,0.35928270042194094,0.0129693939110464,0.4487341772151899,0.038461538461538464,1.0,25,382.0052355662158,ok,GSM9226223,P25_LUAD,LUAD,epithelial_progenitor_like,control_PRKDC,0.75,1.0,3791,948,948,723,0.7626582278481012,0.8143459915611815,PRKDC,PRKDC single-gene control,source_near_epithelial_progenitor,PRKDC,False
0.4651898734177215,0.35776371308016874,0.01679414121695738,0.10742616033755276,0.038461538461538464,1.0,25,382.0052355662158,ok,GSM9226223,P25_LUAD,LUAD,epithelial_progenitor_like,control_PHACTR2,0.75,1.0,3791,948,948,333,0.3512658227848101,0.4240506329113924,PHACTR2,PHACTR2 single-gene control,source_near_epithelial_progenitor,PHACTR2,False
0.6603375527426161,0.35797468354430384,0.015403733617107012,0.30236286919831223,0.038461538461538464,1.0,25,382.0052355662158,ok,GSM9226223,P25_LUAD,LUAD,epithelial_progenitor_like,control_RMND5A,0.75,1.0,3791,948,948,516,0.5443037974683544,0.6002109704641351,RMND5A,RMND5A single-gene control,source_near_epithelial_progenitor,RMND5A,False
0.7468354430379747,0.360928270042194,0.01840125298230579,0.38590717299578065,0.038461538461538464,1.0,25,382.0052355662158,ok,GSM9226223,P25_LUAD,LUAD,epithelial_progenitor_like,control_CKB,0.75,1.0,3791,948,948,620,0.6540084388185654,0.6972573839662447,CKB,CKB single-gene control,source_near_epithelial_progenitor,CKB,False
0.7932489451476793,0.35742616033755276,0.014423859985775955,0.43582278481012654,0.038461538461538464,1.0,25,382.0052355662158,ok,GSM9226223,P25_LUAD,LUAD,epithelial_progenitor_like,control_KIF13B,0.75,1.0,3791,948,948,687,0.7246835443037974,0.7763713080168776,KIF13B,KIF13B single-gene control,source_near_epithelial_progenitor,KIF13B,False
0.4641350210970464,0.34776371308016885,0.009506944931713746,0.11637130801687756,0.038461538461538464,1.0,25,382.0052355662158,ok,GSM9226223,P25_LUAD,LUAD,epithelial_progenitor_like,control_NR2F2,0.75,1.0,3791,948,948,321,0.33860759493670883,0.399789029535865,NR2F2,NR2F2 single-gene control,source_near_epithelial_progenitor,NR2F2,False
0.3575949367088608,0.36320675105485234,0.014190671774915902,-0.0056118143459915615,0.6923076923076923,0.34615384615384615,25,382.0052355662158,ok,GSM9226223,P25_LUAD,LUAD,epithelial_progenitor_like,control_LIFR,0.75,1.0,3791,948,948,255,0.2689873417721519,0.29957805907172996,LIFR,LIFR single-gene control,source_near_epithelial_progenitor,LIFR,False
0.43037974683544306,0.36050632911392405,0.012313941959205519,0.069873417721519,0.038461538461538464,1.0,25,382.0052355662158,ok,GSM9226223,P25_LUAD,LUAD,epithelial_progenitor_like,control_CITED2,0.75,1.0,3791,948,948,306,0.3227848101265823,0.370253164556962,CITED2,CITED2 single-gene control,source_near_epithelial_progenitor,CITED2,False
0.7869198312236287,0.3593248945147679,0.015346439753276306,0.42759493670886084,0.038461538461538464,1.0,25,382.0052355662158,ok,GSM9226223,P25_LUAD,LUAD,epithelial_progenitor_like,control_DDX46,0.75,1.0,3791,948,948,673,0.709915611814346,0.7626582278481012,DDX46,DDX46 single-gene control,source_near_epithelial_progenitor,DDX46,False
0.7035864978902954,0.35957805907172996,0.01585007023862111,0.3440084388185654,0.038461538461538464,1.0,25,382.0052355662158,ok,GSM9226223,P25_LUAD,LUAD,epithelial_progenitor_like,control_PPM1A,0.75,1.0,3791,948,948,563,0.5938818565400844,0.6487341772151899,PPM1A,PPM1A single-gene control,source_near_epithelial_progenitor,PPM1A,False
0.7383966244725738,0.3634599156118143,0.01735191989071996,0.3749367088607595,0.038461538461538464,1.0,25,382.0052355662158,ok,GSM9226223,P25_LUAD,LUAD,epithelial_progenitor_like,control_UXT,0.75,1.0,3791,948,948,614,0.6476793248945147,0.6951476793248945,UXT,UXT single-gene control,source_near_epithelial_progenitor,UXT,False
0.7109704641350211,0.36198312236286917,0.012627717566963523,0.3489873417721519,0.038461538461538464,1.0,25,382.0052355662158,ok,GSM9226223,P25_LUAD,LUAD,epithelial_progenitor_like,control_SETD3,0.75,1.0,3791,948,948,579,0.6107594936708861,0.6740506329113924,SETD3,SETD3 single-gene control,source_near_epithelial_progenitor,SETD3,False
0.8512658227848101,0.3576371308016878,0.014900699161926989,0.4936286919831223,0.038461538461538464,1.0,25,382.0052355662158,ok,GSM9226223,P25_LUAD,LUAD,epithelial_progenitor_like,control_TRIM27,0.75,1.0,3791,948,948,761,0.8027426160337553,0.8470464135021097,TRIM27,TRIM27 single-gene control,source_near_epithelial_progenitor,TRIM27,False
0.8122362869198312,0.3571308016877637,0.021521486438265947,0.4551054852320675,0.038461538461538464,1.0,25,382.0052355662158,ok,GSM9226223,P25_LUAD,LUAD,epithelial_progenitor_like,control_DERL1,0.75,1.0,3791,948,948,717,0.7563291139240507,0.8069620253164557,DERL1,DERL1 single-gene control,source_near_epithelial_progenitor,DERL1,False
0.270042194092827,0.3608860759493671,0.013942152492025883,-0.09084388185654013,1.0,0.038461538461538464,25,382.0052355662158,ok,GSM9226223,P25_LUAD,LUAD,epithelial_progenitor_like,control_MS4A7,0.75,1.0,3791,948,948,170,0.17932489451476794,0.24472573839662448,MS4A7,MS4A7 single-gene control,source_near_epithelial_progenitor,MS4A7,False
0.8164556962025317,0.36244725738396616,0.017706129041766376,0.4540084388185655,0.038461538461538464,1.0,25,382.0052355662158,ok,GSM9226223,P25_LUAD,LUAD,epithelial_progenitor_like,control_PHF10,0.75,1.0,3791,948,948,708,0.7468354430379747,0.7985232067510548,PHF10,PHF10 single-gene control,source_near_epithelial_progenitor,PHF10,False
0.7668776371308017,0.359746835443038,0.018456097656212127,0.4071308016877637,0.038461538461538464,1.0,25,382.0052355662158,ok,GSM9226223,P25_LUAD,LUAD,epithelial_progenitor_like,control_RAB1B,0.75,1.0,3791,948,948,650,0.6856540084388185,0.7320675105485233,RAB1B,RAB1B single-gene control,source_near_epithelial_progenitor,RAB1B,False
0.740506329113924,0.3629535864978903,0.01734347454694249,0.3775527426160337,0.038461538461538464,1.0,25,382.0052355662158,ok,GSM9226223,P25_LUAD,LUAD,epithelial_progenitor_like,control_PRDX1,0.75,1.0,3791,948,948,634,0.6687763713080169,0.7320675105485233,PRDX1,PRDX1 single-gene control,source_near_epithelial_progenitor,PRDX1,False
0.6613924050632911,0.35257383966244726,0.01764653700412959,0.30881856540084385,0.038461538461538464,1.0,25,382.0052355662158,ok,GSM9226223,P25_LUAD,LUAD,epithelial_progenitor_like,control_SPRY2,0.75,1.0,3791,948,948,541,0.570675105485232,0.620253164556962,SPRY2,SPRY2 single-gene control,source_near_epithelial_progenitor,SPRY2,False
0.7647679324894515,0.3548945147679325,0.0164522021967712,0.40987341772151903,0.038461538461538464,1.0,25,382.0052355662158,ok,GSM9226223,P25_LUAD,LUAD,epithelial_progenitor_like,control_BSG,0.75,1.0,3791,948,948,647,0.6824894514767933,0.739451476793249,BSG,BSG single-gene control,source_near_epithelial_progenitor,BSG,False
0.42057026476578413,0.3523014256619145,0.007812310769967558,0.0682688391038696,0.038461538461538464,1.0,25,395.5477215204254,ok,GSM9226170,P2_AAH,AAH,epithelial_progenitor_like,control_MIF,0.75,1.0,11782,2946,2280,766,0.26001357773251865,0.4837719298245614,MIF,MIF single-gene control,source_near_epithelial_progenitor,MIF,True
0.4270196877121521,0.36935505770536314,0.008961732042114869,0.05766463000678895,0.038461538461538464,1.0,25,395.5477215204254,ok,GSM9226170,P2_AAH,AAH,epithelial_progenitor_like,control_PRKDC,0.75,1.0,11782,2946,2412,762,0.25865580448065173,0.46185737976782754,PRKDC,PRKDC single-gene control,source_near_epithelial_progenitor,PRKDC,False
0.5142566191446029,0.441683638832315,0.011459249637043858,0.07257298031228787,0.038461538461538464,1.0,25,395.5477215204254,ok,GSM9226170,P2_AAH,AAH,epithelial_progenitor_like,control_PHACTR2,0.75,1.0,11782,2946,2946,975,0.33095723014256617,0.4881194840461643,PHACTR2,PHACTR2 single-gene control,source_near_epithelial_progenitor,PHACTR2,False
0.3455532926001358,0.28517311608961304,0.007793853036833358,0.06038017651052274,0.038461538461538464,1.0,25,395.5477215204254,ok,GSM9226170,P2_AAH,AAH,epithelial_progenitor_like,control_RMND5A,0.75,1.0,11782,2946,1807,614,0.208418194161575,0.4825677919203099,RMND5A,RMND5A single-gene control,source_near_epithelial_progenitor,RMND5A,False
0.4619823489477257,0.4382892057026476,0.009710788380506806,0.023693143245078097,0.038461538461538464,1.0,25,395.5477215204254,ok,GSM9226170,P2_AAH,AAH,epithelial_progenitor_like,control_CKB,0.75,1.0,11782,2946,2946,843,0.2861507128309572,0.42668024439918534,CKB,CKB single-gene control,source_near_epithelial_progenitor,CKB,False
0.3879837067209776,0.3254175152749491,0.008062356311412961,0.06256619144602849,0.038461538461538464,1.0,25,395.5477215204254,ok,GSM9226170,P2_AAH,AAH,epithelial_progenitor_like,control_KIF13B,0.75,1.0,11782,2946,2080,687,0.23319755600814665,0.48221153846153847,KIF13B,KIF13B single-gene control,source_near_epithelial_progenitor,KIF13B,False
0.390020366598778,0.3592124915139172,0.009114163571814703,0.03080787508486077,0.038461538461538464,1.0,25,395.5477215204254,ok,GSM9226170,P2_AAH,AAH,epithelial_progenitor_like,control_NR2F2,0.75,1.0,11782,2946,2330,685,0.23251866938221316,0.4330472103004292,NR2F2,NR2F2 single-gene control,source_near_epithelial_progenitor,NR2F2,False
0.4636795655125594,0.4379361846571622,0.009332469031332618,0.02574338085539718,0.038461538461538464,1.0,25,395.5477215204254,ok,GSM9226170,P2_AAH,AAH,epithelial_progenitor_like,control_LIFR,0.75,1.0,11782,2946,2946,821,0.2786829599456891,0.4429735234215886,LIFR,LIFR single-gene control,source_near_epithelial_progenitor,LIFR,False
0.49287169042769857,0.4384657162253904,0.009147939555816763,0.054405974202308194,0.038461538461538464,1.0,25,395.5477215204254,ok,GSM9226170,P2_AAH,AAH,epithelial_progenitor_like,control_CITED2,0.75,1.0,11782,2946,2944,946,0.3211133740665309,0.47622282608695654,CITED2,CITED2 single-gene control,source_near_epithelial_progenitor,CITED2,False
0.4378818737270876,0.375112016293279,0.007342575501368774,0.06276985743380858,0.038461538461538464,1.0,25,395.5477215204254,ok,GSM9226170,P2_AAH,AAH,epithelial_progenitor_like,control_DDX46,0.75,1.0,11782,2946,2455,814,0.27630685675492195,0.47046843177189407,DDX46,DDX46 single-gene control,source_near_epithelial_progenitor,DDX46,False
0.4813306177868296,0.4254718262050238,0.009516063883126325,0.055858791581805844,0.038461538461538464,1.0,25,395.5477215204254,ok,GSM9226170,P2_AAH,AAH,epithelial_progenitor_like,control_PPM1A,0.75,1.0,11782,2946,2852,884,0.3000678886625934,0.4635343618513324,PPM1A,PPM1A single-gene control,source_near_epithelial_progenitor,PPM1A,False
0.411744738628649,0.3524779361846571,0.007017670678245991,0.059266802443991906,0.038461538461538464,1.0,25,395.5477215204254,ok,GSM9226170,P2_AAH,AAH,epithelial_progenitor_like,control_UXT,0.75,1.0,11782,2946,2270,764,0.2593346911065852,0.4819383259911894,UXT,UXT single-gene control,source_near_epithelial_progenitor,UXT,False
0.4830278343516633,0.43876442634080104,0.007751654614167842,0.04426340801086226,0.038461538461538464,1.0,25,395.5477215204254,ok,GSM9226170,P2_AAH,AAH,epithelial_progenitor_like,control_SETD3,0.75,1.0,11782,2946,2946,875,0.2970128988458927,0.4419551934826884,SETD3,SETD3 single-gene control,source_near_epithelial_progenitor,SETD3,False
0.43686354378818737,0.3685132382892056,0.008982365341352746,0.06835030549898174,0.038461538461538464,1.0,25,395.5477215204254,ok,GSM9226170,P2_AAH,AAH,epithelial_progenitor_like,control_TRIM27,0.75,1.0,11782,2946,2418,789,0.26782077393075354,0.4772539288668321,TRIM27,TRIM27 single-gene control,source_near_epithelial_progenitor,TRIM27,False
0.49185336048879835,0.4215071283095723,0.00949747993357923,0.07034623217922603,0.038461538461538464,1.0,25,395.5477215204254,ok,GSM9226170,P2_AAH,AAH,epithelial_progenitor_like,control_DERL1,0.75,1.0,11782,2946,2814,908,0.30821452817379497,0.4690831556503198,DERL1,DERL1 single-gene control,source_near_epithelial_progenitor,DERL1,False
0.3024439918533605,0.43272233536999316,0.006575482222610495,-0.13027834351663264,1.0,0.038461538461538464,25,395.5477215204254,ok,GSM9226170,P2_AAH,AAH,epithelial_progenitor_like,control_MS4A7,0.75,1.0,11782,2946,2946,420,0.1425661914460285,0.29633401221995925,MS4A7,MS4A7 single-gene control,source_near_epithelial_progenitor,MS4A7,False
0.47997284453496264,0.40225390359809915,0.007364485851460955,0.07771894093686349,0.038461538461538464,1.0,25,395.5477215204254,ok,GSM9226170,P2_AAH,AAH,epithelial_progenitor_like,control_PHF10,0.75,1.0,11782,2946,2653,922,0.31296673455532925,0.4903882397286091,PHF10,PHF10 single-gene control,source_near_epithelial_progenitor,PHF10,False
0.46435845213849286,0.4384521384928718,0.009060508673836084,0.02590631364562107,0.038461538461538464,1.0,25,395.5477215204254,ok,GSM9226170,P2_AAH,AAH,epithelial_progenitor_like,control_RAB1B,0.75,1.0,11782,2946,2946,805,0.27325186693822134,0.41785471826205023,RAB1B,RAB1B single-gene control,source_near_epithelial_progenitor,RAB1B,False
0.38662593346911067,0.34505091649694497,0.008206014301269555,0.0415750169721657,0.038461538461538464,1.0,25,395.5477215204254,ok,GSM9226170,P2_AAH,AAH,epithelial_progenitor_like,control_PRDX1,0.75,1.0,11782,2946,2237,679,0.23048200950441275,0.45194456861868576,PRDX1,PRDX1 single-gene control,source_near_epithelial_progenitor,PRDX1,False
0.33570943652410046,0.26488798370672095,0.008692820054398417,0.0708214528173795,0.038461538461538464,1.0,25,395.5477215204254,ok,GSM9226170,P2_AAH,AAH,epithelial_progenitor_like,control_SPRY2,0.75,1.0,11782,2946,1672,606,0.20570264765784113,0.49760765550239233,SPRY2,SPRY2 single-gene control,source_near_epithelial_progenitor,SPRY2,False
0.42057026476578413,0.44035302104548535,0.009585653180506935,-0.01978275627970122,0.9615384615384616,0.07692307692307693,25,395.5477215204254,ok,GSM9226170,P2_AAH,AAH,epithelial_progenitor_like,control_BSG,0.75,1.0,11782,2946,2946,663,0.225050916496945,0.38866259334691106,BSG,BSG single-gene control,source_near_epithelial_progenitor,BSG,False
0.7751909785376501,0.6055583848672245,0.012319321075864302,0.1696325936704256,0.038461538461538464,1.0,25,397.4128835354989,ok,GSM9226171,P2_LUAD,LUAD,epithelial_progenitor_like,control_MIF,0.75,1.0,10995,2749,2671,1493,0.5431065842124408,0.7046050168476227,MIF,MIF single-gene control,source_near_epithelial_progenitor,MIF,True
0.700982175336486,0.5202182611858858,0.013132215961282261,0.18076391415060022,0.038461538461538464,1.0,25,397.4128835354989,ok,GSM9226171,P2_LUAD,LUAD,epithelial_progenitor_like,control_PRKDC,0.75,1.0,10995,2749,2180,1115,0.4056020371044016,0.6711009174311927,PRKDC,PRKDC single-gene control,source_near_epithelial_progenitor,PRKDC,False
0.7399054201527828,0.6071444161513277,0.014487129029565029,0.13276100400145507,0.038461538461538464,1.0,25,397.4128835354989,ok,GSM9226171,P2_LUAD,LUAD,epithelial_progenitor_like,control_PHACTR2,0.75,1.0,10995,2749,2683,1057,0.3845034558021099,0.5743570629891912,PHACTR2,PHACTR2 single-gene control,source_near_epithelial_progenitor,PHACTR2,False
0.5954892688250273,0.4226555110949436,0.011847787039531984,0.1728337577300837,0.038461538461538464,1.0,25,397.4128835354989,ok,GSM9226171,P2_LUAD,LUAD,epithelial_progenitor_like,control_RMND5A,0.75,1.0,10995,2749,1664,823,0.299381593306657,0.6442307692307693,RMND5A,RMND5A single-gene control,source_near_epithelial_progenitor,RMND5A,False
0.6944343397599126,0.6141433248453984,0.011045396227468895,0.08029101491451429,0.038461538461538464,1.0,25,397.4128835354989,ok,GSM9226171,P2_LUAD,LUAD,epithelial_progenitor_like,control_CKB,0.75,1.0,10995,2749,2749,902,0.3281193161149509,0.5110949436158603,CKB,CKB single-gene control,source_near_epithelial_progenitor,CKB,False
0.6780647508184795,0.5048526736995271,0.015383543239012117,0.17321207711895237,0.038461538461538464,1.0,25,397.4128835354989,ok,GSM9226171,P2_LUAD,LUAD,epithelial_progenitor_like,control_KIF13B,0.75,1.0,10995,2749,2095,1144,0.4161513277555475,0.6859188544152744,KIF13B,KIF13B single-gene control,source_near_epithelial_progenitor,KIF13B,False
0.7173517642779192,0.585842124408876,0.013901214553289177,0.1315096398690433,0.038461538461538464,1.0,25,397.4128835354989,ok,GSM9226171,P2_LUAD,LUAD,epithelial_progenitor_like,control_NR2F2,0.75,1.0,10995,2749,2539,1068,0.38850491087668243,0.5931469082315872,NR2F2,NR2F2 single-gene control,source_near_epithelial_progenitor,NR2F2,False
0.6340487449981812,0.6130956711531467,0.012800573524854777,0.02095307384503453,0.07692307692307693,0.9615384615384616,25,397.4128835354989,ok,GSM9226171,P2_LUAD,LUAD,epithelial_progenitor_like,control_LIFR,0.75,1.0,10995,2749,2749,781,0.2841033102946526,0.5001818843215715,LIFR,LIFR single-gene control,source_near_epithelial_progenitor,LIFR,False
0.738086576937068,0.6135321935249182,0.014893427497951445,0.12455438341214986,0.038461538461538464,1.0,25,397.4128835354989,ok,GSM9226171,P2_LUAD,LUAD,epithelial_progenitor_like,control_CITED2,0.75,1.0,10995,2749,2748,1342,0.4881775190978538,0.648471615720524,CITED2,CITED2 single-gene control,source_near_epithelial_progenitor,CITED2,False
0.6886140414696253,0.512142597308112,0.01230257089676909,0.1764714441615134,0.038461538461538464,1.0,25,397.4128835354989,ok,GSM9226171,P2_LUAD,LUAD,epithelial_progenitor_like,control_DDX46,0.75,1.0,10995,2749,2127,1037,0.37722808293925064,0.6436295251527974,DDX46,DDX46 single-gene control,source_near_epithelial_progenitor,DDX46,False
0.6758821389596217,0.5214259730811204,0.010811540257140173,0.1544561658785013,0.038461538461538464,1.0,25,397.4128835354989,ok,GSM9226171,P2_LUAD,LUAD,epithelial_progenitor_like,control_PPM1A,0.75,1.0,10995,2749,2195,914,0.3324845398326664,0.5881548974943053,PPM1A,PPM1A single-gene control,source_near_epithelial_progenitor,PPM1A,False
0.6969807202619134,0.5122735540196435,0.01343659474548709,0.1847071662422699,0.038461538461538464,1.0,25,397.4128835354989,ok,GSM9226171,P2_LUAD,LUAD,epithelial_progenitor_like,control_UXT,0.75,1.0,10995,2749,2143,1061,0.3859585303746817,0.6481567895473636,UXT,UXT single-gene control,source_near_epithelial_progenitor,UXT,False
0.7428155692979265,0.6138377591851583,0.010223387496803528,0.1289778101127682,0.038461538461538464,1.0,25,397.4128835354989,ok,GSM9226171,P2_LUAD,LUAD,epithelial_progenitor_like,control_SETD3,0.75,1.0,10995,2749,2749,1002,0.364496180429247,0.5565660240087305,SETD3,SETD3 single-gene control,source_near_epithelial_progenitor,SETD3,False
0.6838850491087668,0.49017097126227716,0.010738427343021675,0.19371407784648964,0.038461538461538464,1.0,25,397.4128835354989,ok,GSM9226171,P2_LUAD,LUAD,epithelial_progenitor_like,control_TRIM27,0.75,1.0,10995,2749,2011,988,0.35940341942524556,0.6544007956240676,TRIM27,TRIM27 single-gene control,source_near_epithelial_progenitor,TRIM27,False
0.6398690432884685,0.49146598763186616,0.015365540407642712,0.14840305565660233,0.038461538461538464,1.0,25,397.4128835354989,ok,GSM9226171,P2_LUAD,LUAD,epithelial_progenitor_like,control_DERL1,0.75,1.0,10995,2749,2037,872,0.31720625682066206,0.5945017182130584,DERL1,DERL1 single-gene control,source_near_epithelial_progenitor,DERL1,False
0.31757002546380503,0.6118443070207348,0.010325562950179149,-0.29427428155692975,1.0,0.038461538461538464,25,397.4128835354989,ok,GSM9226171,P2_LUAD,LUAD,epithelial_progenitor_like,control_MS4A7,0.75,1.0,10995,2749,2749,302,0.10985813022917425,0.32375409239723535,MS4A7,MS4A7 single-gene control,source_near_epithelial_progenitor,MS4A7,False
0.6904328846853401,0.49210622044379776,0.011856477037390222,0.19832666424154238,0.038461538461538464,1.0,25,397.4128835354989,ok,GSM9226171,P2_LUAD,LUAD,epithelial_progenitor_like,control_PHF10,0.75,1.0,10995,2749,2043,1034,0.37613677700982173,0.6554087126774352,PHF10,PHF10 single-gene control,source_near_epithelial_progenitor,PHF10,False
0.710440160058203,0.6195125500181884,0.01130148249313763,0.0909276100400146,0.038461538461538464,1.0,25,397.4128835354989,ok,GSM9226171,P2_LUAD,LUAD,epithelial_progenitor_like,control_RAB1B,0.75,1.0,10995,2749,2749,901,0.3277555474718079,0.5278283012004366,RAB1B,RAB1B single-gene control,source_near_epithelial_progenitor,RAB1B,False
0.5845762095307384,0.4236013095671153,0.010547785294182734,0.16097489996362313,0.038461538461538464,1.0,25,397.4128835354989,ok,GSM9226171,P2_LUAD,LUAD,epithelial_progenitor_like,control_PRDX1,0.75,1.0,10995,2749,1676,778,0.2830120043652237,0.6217183770883055,PRDX1,PRDX1 single-gene control,source_near_epithelial_progenitor,PRDX1,False
0.6191342306293197,0.4146962531829756,0.010061343532876922,0.20443797744634412,0.038461538461538464,1.0,25,397.4128835354989,ok,GSM9226171,P2_LUAD,LUAD,epithelial_progenitor_like,control_SPRY2,0.75,1.0,10995,2749,1642,898,0.32666424154237905,0.6900121802679658,SPRY2,SPRY2 single-gene control,source_near_epithelial_progenitor,SPRY2,False
0.7137140778464897,0.6134303383048382,0.010353953052061122,0.10028373954165148,0.038461538461538464,1.0,25,397.4128835354989,ok,GSM9226171,P2_LUAD,LUAD,epithelial_progenitor_like,control_BSG,0.75,1.0,10995,2749,2749,922,0.3353946889778101,0.5249181520552928,BSG,BSG single-gene control,source_near_epithelial_progenitor,BSG,False
0.5251104861390117,0.3970751305745279,0.009262265049912276,0.12803535556448375,0.038461538461538464,1.0,25,395.5477215204254,ok,GSM9226172,P3_AIS,AIS,epithelial_progenitor_like,control_MIF,0.75,1.0,9954,2489,2489,952,0.3824829248694255,0.45078344716753715,MIF,MIF single-gene control,source_near_epithelial_progenitor,MIF,True
0.39172358376858174,0.4017677782241864,0.010937877192449019,-0.010044194455604671,0.8076923076923077,0.23076923076923078,25,395.5477215204254,ok,GSM9226172,P3_AIS,AIS,epithelial_progenitor_like,control_PRKDC,0.75,1.0,9954,2489,2489,618,0.2482924869425472,0.31257533145841704,PRKDC,PRKDC single-gene control,source_near_epithelial_progenitor,PRKDC,False
0.34632382482924867,0.39670550421856166,0.009407287644811649,-0.05038167938931298,1.0,0.038461538461538464,25,395.5477215204254,ok,GSM9226172,P3_AIS,AIS,epithelial_progenitor_like,control_PHACTR2,0.75,1.0,9954,2489,2489,558,0.22418642024909602,0.28605865809562075,PHACTR2,PHACTR2 single-gene control,source_near_epithelial_progenitor,PHACTR2,False
0.3816793893129771,0.3992446765769385,0.012686216548998031,-0.017565287263961393,0.9615384615384616,0.07692307692307693,25,395.5477215204254,ok,GSM9226172,P3_AIS,AIS,epithelial_progenitor_like,control_RMND5A,0.75,1.0,9954,2489,2489,574,0.23061470470068302,0.30293290478103657,RMND5A,RMND5A single-gene control,source_near_epithelial_progenitor,RMND5A,False
0.28364805142627564,0.4015910004017678,0.010343784350802656,-0.11794294897549218,1.0,0.038461538461538464,25,395.5477215204254,ok,GSM9226172,P3_AIS,AIS,epithelial_progenitor_like,control_CKB,0.75,1.0,9954,2489,2489,502,0.2016874246685416,0.2595419847328244,CKB,CKB single-gene control,source_near_epithelial_progenitor,CKB,False
0.41502611490558455,0.3997428686219366,0.009363919016223916,0.015283246283647967,0.038461538461538464,1.0,25,395.5477215204254,ok,GSM9226172,P3_AIS,AIS,epithelial_progenitor_like,control_KIF13B,0.75,1.0,9954,2489,2489,649,0.260747288067497,0.3278425070309361,KIF13B,KIF13B single-gene control,source_near_epithelial_progenitor,KIF13B,False
0.27119325030132585,0.40143029329047814,0.009002258354872391,-0.13023704298915229,1.0,0.038461538461538464,25,395.5477215204254,ok,GSM9226172,P3_AIS,AIS,epithelial_progenitor_like,control_NR2F2,0.75,1.0,9954,2489,2489,397,0.15950180795500202,0.22418642024909602,NR2F2,NR2F2 single-gene control,source_near_epithelial_progenitor,NR2F2,False
0.24427480916030533,0.3979429489754922,0.008943372401884505,-0.15366813981518687,1.0,0.038461538461538464,25,395.5477215204254,ok,GSM9226172,P3_AIS,AIS,epithelial_progenitor_like,control_LIFR,0.75,1.0,9954,2489,2489,374,0.15026114905584573,0.22057051024507834,LIFR,LIFR single-gene control,source_near_epithelial_progenitor,LIFR,False
0.6151064684612294,0.40040176777822417,0.010997972501753214,0.21470470068300523,0.038461538461538464,1.0,25,395.5477215204254,ok,GSM9226172,P3_AIS,AIS,epithelial_progenitor_like,control_CITED2,0.75,1.0,9954,2489,2489,1209,0.4857372438730414,0.5721173161912415,CITED2,CITED2 single-gene control,source_near_epithelial_progenitor,CITED2,False
0.3342707914825231,0.40048212133386896,0.008125250468524182,-0.06621132985134587,1.0,0.038461538461538464,25,395.5477215204254,ok,GSM9226172,P3_AIS,AIS,epithelial_progenitor_like,control_DDX46,0.75,1.0,9954,2489,2489,504,0.20249096022498997,0.2675773402973082,DDX46,DDX46 single-gene control,source_near_epithelial_progenitor,DDX46,False
0.3704298915226999,0.3989393330654881,0.010906768102587474,-0.028509441542788228,1.0,0.038461538461538464,25,395.5477215204254,ok,GSM9226172,P3_AIS,AIS,epithelial_progenitor_like,control_PPM1A,0.75,1.0,9954,2489,2489,561,0.22539172358376858,0.29168340699075934,PPM1A,PPM1A single-gene control,source_near_epithelial_progenitor,PPM1A,False
0.35074327038971476,0.4016713539574126,0.012183062732360498,-0.050928083567697846,1.0,0.038461538461538464,25,395.5477215204254,ok,GSM9226172,P3_AIS,AIS,epithelial_progenitor_like,control_UXT,0.75,1.0,9954,2489,2488,532,0.21374045801526717,0.28135048231511256,UXT,UXT single-gene control,source_near_epithelial_progenitor,UXT,False
0.27922860586580955,0.401462434712736,0.010545466678567192,-0.12223382884692646,1.0,0.038461538461538464,25,395.5477215204254,ok,GSM9226172,P3_AIS,AIS,epithelial_progenitor_like,control_SETD3,0.75,1.0,9954,2489,2489,433,0.17396544797107272,0.22860586580956208,SETD3,SETD3 single-gene control,source_near_epithelial_progenitor,SETD3,False
0.4114102049015669,0.40268380875853765,0.009363947746555681,0.008726396143029225,0.23076923076923078,0.8076923076923077,25,395.5477215204254,ok,GSM9226172,P3_AIS,AIS,epithelial_progenitor_like,control_TRIM27,0.75,1.0,9954,2489,2489,658,0.26436319807151465,0.33547609481719565,TRIM27,TRIM27 single-gene control,source_near_epithelial_progenitor,TRIM27,False
0.28565689031739655,0.40028927280032134,0.010517008655091926,-0.11463238248292479,1.0,0.038461538461538464,25,395.5477215204254,ok,GSM9226172,P3_AIS,AIS,epithelial_progenitor_like,control_DERL1,0.75,1.0,9954,2489,2489,433,0.17396544797107272,0.23222177581357975,DERL1,DERL1 single-gene control,source_near_epithelial_progenitor,DERL1,False
0.15347529128163923,0.3984411410204902,0.009876407598445453,-0.244965849738851,1.0,0.038461538461538464,25,395.5477215204254,ok,GSM9226172,P3_AIS,AIS,epithelial_progenitor_like,control_MS4A7,0.75,1.0,9954,2489,2489,197,0.07914825231016473,0.13780634793089594,MS4A7,MS4A7 single-gene control,source_near_epithelial_progenitor,MS4A7,False
0.3989554037766171,0.3986822016874247,0.008683607419998792,0.00027320208919240363,0.46153846153846156,0.6538461538461539,25,395.5477215204254,ok,GSM9226172,P3_AIS,AIS,epithelial_progenitor_like,control_PHF10,0.75,1.0,9954,2489,2489,632,0.25391723583768583,0.32663720369626353,PHF10,PHF10 single-gene control,source_near_epithelial_progenitor,PHF10,False
0.4262756126958618,0.40088388911209316,0.008477680934515548,0.02539172358376862,0.038461538461538464,1.0,25,395.5477215204254,ok,GSM9226172,P3_AIS,AIS,epithelial_progenitor_like,control_RAB1B,0.75,1.0,9954,2489,2489,658,0.26436319807151465,0.33587786259541985,RAB1B,RAB1B single-gene control,source_near_epithelial_progenitor,RAB1B,False
0.2740056247488951,0.39977501004419436,0.009083921191786368,-0.12576938529529924,1.0,0.038461538461538464,25,395.5477215204254,ok,GSM9226172,P3_AIS,AIS,epithelial_progenitor_like,control_PRDX1,0.75,1.0,9954,2489,2489,430,0.17276014463640016,0.22016874246685417,PRDX1,PRDX1 single-gene control,source_near_epithelial_progenitor,PRDX1,False
0.3322619525914022,0.3998071514664524,0.011018940637080806,-0.06754519887505023,1.0,0.038461538461538464,25,395.5477215204254,ok,GSM9226172,P3_AIS,AIS,epithelial_progenitor_like,control_SPRY2,0.75,1.0,9954,2489,2489,507,0.20369626355966253,0.27119325030132585,SPRY2,SPRY2 single-gene control,source_near_epithelial_progenitor,SPRY2,False
0.3310566492567296,0.39863398955403784,0.012578925033710942,-0.06757734029730822,1.0,0.038461538461538464,25,395.5477215204254,ok,GSM9226172,P3_AIS,AIS,epithelial_progenitor_like,control_BSG,0.75,1.0,9954,2489,2489,497,0.19967858577742065,0.2655685014061872,BSG,BSG single-gene control,source_near_epithelial_progenitor,BSG,False
0.7064732142857143,0.4649330357142857,0.009402363605306397,0.24154017857142862,0.038461538461538464,1.0,25,396.0467144163678,ok,GSM9226173,P3_LUAD,LUAD,epithelial_progenitor_like,control_MIF,0.75,1.0,14336,3584,3584,1885,0.5259486607142857,0.6110491071428571,MIF,MIF single-gene control,source_near_epithelial_progenitor,MIF,True
0.6244419642857143,0.4653459821428571,0.009981471432245165,0.1590959821428572,0.038461538461538464,1.0,25,396.0467144163678,ok,GSM9226173,P3_LUAD,LUAD,epithelial_progenitor_like,control_PRKDC,0.75,1.0,14336,3584,3584,1338,0.37332589285714285,0.466796875,PRKDC,PRKDC single-gene control,source_near_epithelial_progenitor,PRKDC,False
0.18666294642857142,0.46803571428571433,0.010914164302952377,-0.28137276785714294,1.0,0.038461538461538464,25,396.0467144163678,ok,GSM9226173,P3_LUAD,LUAD,epithelial_progenitor_like,control_PHACTR2,0.75,1.0,14336,3584,3584,362,0.10100446428571429,0.18219866071428573,PHACTR2,PHACTR2 single-gene control,source_near_epithelial_progenitor,PHACTR2,False
0.421875,0.46934151785714284,0.00862676710056142,-0.04746651785714284,1.0,0.038461538461538464,25,396.0467144163678,ok,GSM9226173,P3_LUAD,LUAD,epithelial_progenitor_like,control_RMND5A,0.75,1.0,14336,3584,3584,809,0.22572544642857142,0.31863839285714285,RMND5A,RMND5A single-gene control,source_near_epithelial_progenitor,RMND5A,False
0.6431361607142857,0.46612723214285706,0.010705284091435546,0.17700892857142864,0.038461538461538464,1.0,25,396.0467144163678,ok,GSM9226173,P3_LUAD,LUAD,epithelial_progenitor_like,control_CKB,0.75,1.0,14336,3584,3584,1821,0.5080915178571429,0.5728236607142857,CKB,CKB single-gene control,source_near_epithelial_progenitor,CKB,False
0.47181919642857145,0.46390625,0.010781636555077202,0.007912946428571432,0.23076923076923078,0.8461538461538461,25,396.0467144163678,ok,GSM9226173,P3_LUAD,LUAD,epithelial_progenitor_like,control_KIF13B,0.75,1.0,14336,3584,3583,950,0.2650669642857143,0.3449623220764722,KIF13B,KIF13B single-gene control,source_near_epithelial_progenitor,KIF13B,False
0.19112723214285715,0.46588169642857147,0.010711802845842546,-0.2747544642857143,1.0,0.038461538461538464,25,396.0467144163678,ok,GSM9226173,P3_LUAD,LUAD,epithelial_progenitor_like,control_NR2F2,0.75,1.0,14336,3584,3584,339,0.09458705357142858,0.171875,NR2F2,NR2F2 single-gene control,source_near_epithelial_progenitor,NR2F2,False
0.11969866071428571,0.4661830357142857,0.009769942179235932,-0.346484375,1.0,0.038461538461538464,25,396.0467144163678,ok,GSM9226173,P3_LUAD,LUAD,epithelial_progenitor_like,control_LIFR,0.75,1.0,14336,3584,3584,250,0.06975446428571429,0.14174107142857142,LIFR,LIFR single-gene control,source_near_epithelial_progenitor,LIFR,False
0.7095424107142857,0.46626116071428575,0.010129193687655379,0.24328124999999995,0.038461538461538464,1.0,25,396.0467144163678,ok,GSM9226173,P3_LUAD,LUAD,epithelial_progenitor_like,control_CITED2,0.75,1.0,14336,3584,3584,2157,0.6018415178571429,0.6863839285714286,CITED2,CITED2 single-gene control,source_near_epithelial_progenitor,CITED2,False
0.47433035714285715,0.47007812500000007,0.010085662564194303,0.004252232142857082,0.34615384615384615,0.7307692307692307,25,396.0467144163678,ok,GSM9226173,P3_LUAD,LUAD,epithelial_progenitor_like,control_DDX46,0.75,1.0,14336,3584,3584,906,0.25279017857142855,0.3345424107142857,DDX46,DDX46 single-gene control,source_near_epithelial_progenitor,DDX46,False
0.43247767857142855,0.4693638392857143,0.009705985511628368,-0.03688616071428574,1.0,0.038461538461538464,25,396.0467144163678,ok,GSM9226173,P3_LUAD,LUAD,epithelial_progenitor_like,control_PPM1A,0.75,1.0,14336,3584,3584,826,0.23046875,0.310546875,PPM1A,PPM1A single-gene control,source_near_epithelial_progenitor,PPM1A,False
0.43638392857142855,0.46886160714285713,0.009158135137716643,-0.03247767857142858,1.0,0.038461538461538464,25,396.0467144163678,ok,GSM9226173,P3_LUAD,LUAD,epithelial_progenitor_like,control_UXT,0.75,1.0,14336,3584,3584,844,0.23549107142857142,0.3217075892857143,UXT,UXT single-gene control,source_near_epithelial_progenitor,UXT,False
0.3607700892857143,0.468203125,0.009207053781325338,-0.1074330357142857,1.0,0.038461538461538464,25,396.0467144163678,ok,GSM9226173,P3_LUAD,LUAD,epithelial_progenitor_like,control_SETD3,0.75,1.0,14336,3584,3584,679,0.189453125,0.2681361607142857,SETD3,SETD3 single-gene control,source_near_epithelial_progenitor,SETD3,False
0.6467633928571429,0.4686272321428572,0.008682522851407326,0.17813616071428573,0.038461538461538464,1.0,25,396.0467144163678,ok,GSM9226173,P3_LUAD,LUAD,epithelial_progenitor_like,control_TRIM27,0.75,1.0,14336,3584,3584,1564,0.43638392857142855,0.5161830357142857,TRIM27,TRIM27 single-gene control,source_near_epithelial_progenitor,TRIM27,False
0.4609375,0.4652455357142857,0.010412538709608343,-0.004308035714285674,0.7307692307692307,0.34615384615384615,25,396.0467144163678,ok,GSM9226173,P3_LUAD,LUAD,epithelial_progenitor_like,control_DERL1,0.75,1.0,14336,3584,3584,913,0.25474330357142855,0.34263392857142855,DERL1,DERL1 single-gene control,source_near_epithelial_progenitor,DERL1,False
0.296875,0.4703683035714286,0.011263996163188864,-0.17349330357142861,1.0,0.038461538461538464,25,396.0467144163678,ok,GSM9226173,P3_LUAD,LUAD,epithelial_progenitor_like,control_MS4A7,0.75,1.0,14336,3584,3584,555,0.15485491071428573,0.26088169642857145,MS4A7,MS4A7 single-gene control,source_near_epithelial_progenitor,MS4A7,False
0.24441964285714285,0.46886160714285713,0.009589991632924287,-0.22444196428571428,1.0,0.038461538461538464,25,396.0467144163678,ok,GSM9226173,P3_LUAD,LUAD,epithelial_progenitor_like,control_PHF10,0.75,1.0,14336,3584,3584,482,0.13448660714285715,0.21623883928571427,PHF10,PHF10 single-gene control,source_near_epithelial_progenitor,PHF10,False
0.5454799107142857,0.468203125,0.01105338083233919,0.0772767857142857,0.038461538461538464,1.0,25,396.0467144163678,ok,GSM9226173,P3_LUAD,LUAD,epithelial_progenitor_like,control_RAB1B,0.75,1.0,14336,3584,3583,1122,0.3130580357142857,0.39631593636617357,RAB1B,RAB1B single-gene control,source_near_epithelial_progenitor,RAB1B,False
0.5968191964285714,0.46657366071428574,0.008273087274301148,0.13024553571428565,0.038461538461538464,1.0,25,396.0467144163678,ok,GSM9226173,P3_LUAD,LUAD,epithelial_progenitor_like,control_PRDX1,0.75,1.0,14336,3584,3584,1262,0.3521205357142857,0.4439174107142857,PRDX1,PRDX1 single-gene control,source_near_epithelial_progenitor,PRDX1,False
0.43052455357142855,0.46892857142857136,0.01055941596610724,-0.038404017857142814,1.0,0.038461538461538464,25,396.0467144163678,ok,GSM9226173,P3_LUAD,LUAD,epithelial_progenitor_like,control_SPRY2,0.75,1.0,14336,3584,3584,834,0.23270089285714285,0.3178013392857143,SPRY2,SPRY2 single-gene control,source_near_epithelial_progenitor,SPRY2,False
0.6448102678571429,0.4644642857142857,0.007052163690096866,0.1803459821428572,0.038461538461538464,1.0,25,396.0467144163678,ok,GSM9226173,P3_LUAD,LUAD,epithelial_progenitor_like,control_BSG,0.75,1.0,14336,3584,3584,1506,0.42020089285714285,0.5005580357142857,BSG,BSG single-gene control,source_near_epithelial_progenitor,BSG,False
0.42411575562700965,0.3885144694533762,0.00738122486697172,0.03560128617363345,0.038461538461538464,1.0,25,395.9191836726278,ok,GSM9226175,P4_AAH1,AAH,epithelial_progenitor_like,control_MIF,0.75,1.0,12441,3110,3110,897,0.2884244372990354,0.3951768488745981,MIF,MIF single-gene control,source_near_epithelial_progenitor,MIF,True
0.44469453376205786,0.3892090032154341,0.0068713558037033105,0.05548553054662375,0.038461538461538464,1.0,25,395.9191836726278,ok,GSM9226175,P4_AAH1,AAH,epithelial_progenitor_like,control_PRKDC,0.75,1.0,12441,3110,3110,926,0.2977491961414791,0.4028938906752412,PRKDC,PRKDC single-gene control,source_near_epithelial_progenitor,PRKDC,False
0.4228295819935691,0.3898778135048231,0.008405413668138595,0.032951768488746036,0.038461538461538464,1.0,25,395.9191836726278,ok,GSM9226175,P4_AAH1,AAH,epithelial_progenitor_like,control_PHACTR2,0.75,1.0,12441,3110,3110,873,0.2807073954983923,0.39389067524115756,PHACTR2,PHACTR2 single-gene control,source_near_epithelial_progenitor,PHACTR2,False
0.46591639871382634,0.38774276527331186,0.008132527177790958,0.07817363344051448,0.038461538461538464,1.0,25,395.9191836726278,ok,GSM9226175,P4_AAH1,AAH,epithelial_progenitor_like,control_RMND5A,0.75,1.0,12441,3110,3110,982,0.3157556270096463,0.4344051446945338,RMND5A,RMND5A single-gene control,source_near_epithelial_progenitor,RMND5A,False
0.45048231511254017,0.38816720257234727,0.008672735665119731,0.062315112540192896,0.038461538461538464,1.0,25,395.9191836726278,ok,GSM9226175,P4_AAH1,AAH,epithelial_progenitor_like,control_CKB,0.75,1.0,12441,3110,3110,924,0.29710610932475884,0.409967845659164,CKB,CKB single-gene control,source_near_epithelial_progenitor,CKB,False
0.4813504823151125,0.3886559485530547,0.00887673366975579,0.09269453376205783,0.038461538461538464,1.0,25,395.9191836726278,ok,GSM9226175,P4_AAH1,AAH,epithelial_progenitor_like,control_KIF13B,0.75,1.0,12441,3110,3110,1061,0.3411575562700965,0.445016077170418,KIF13B,KIF13B single-gene control,source_near_epithelial_progenitor,KIF13B,False
0.32411575562700967,0.387176848874598,0.010387444752600722,-0.06306109324758835,1.0,0.038461538461538464,25,395.9191836726278,ok,GSM9226175,P4_AAH1,AAH,epithelial_progenitor_like,control_NR2F2,0.75,1.0,12441,3110,3110,648,0.20836012861736333,0.3090032154340836,NR2F2,NR2F2 single-gene control,source_near_epithelial_progenitor,NR2F2,False
0.4012861736334405,0.3905466237942122,0.010030745771892667,0.010739549839228313,0.23076923076923078,0.8461538461538461,25,395.9191836726278,ok,GSM9226175,P4_AAH1,AAH,epithelial_progenitor_like,control_LIFR,0.75,1.0,12441,3110,3110,835,0.2684887459807074,0.3762057877813505,LIFR,LIFR single-gene control,source_near_epithelial_progenitor,LIFR,False
0.4115755627009646,0.38992926045016074,0.008048611111080137,0.021646302250803884,0.038461538461538464,1.0,25,395.9191836726278,ok,GSM9226175,P4_AAH1,AAH,epithelial_progenitor_like,control_CITED2,0.75,1.0,12441,3110,3110,851,0.2736334405144695,0.3852090032154341,CITED2,CITED2 single-gene control,source_near_epithelial_progenitor,CITED2,False
0.4681672025723473,0.38483601286173635,0.007992730953823338,0.08333118971061093,0.038461538461538464,1.0,25,395.9191836726278,ok,GSM9226175,P4_AAH1,AAH,epithelial_progenitor_like,control_DDX46,0.75,1.0,12441,3110,3109,1008,0.32411575562700967,0.4332582824059183,DDX46,DDX46 single-gene control,source_near_epithelial_progenitor,DDX46,False
0.46012861736334404,0.39121543408360127,0.011490667611067427,0.06891318327974277,0.038461538461538464,1.0,25,395.9191836726278,ok,GSM9226175,P4_AAH1,AAH,epithelial_progenitor_like,control_PPM1A,0.75,1.0,12441,3110,3110,968,0.3112540192926045,0.4237942122186495,PPM1A,PPM1A single-gene control,source_near_epithelial_progenitor,PPM1A,False
0.45401929260450163,0.3892475884244373,0.008555250385019367,0.06477170418006434,0.038461538461538464,1.0,25,395.9191836726278,ok,GSM9226175,P4_AAH1,AAH,epithelial_progenitor_like,control_UXT,0.75,1.0,12441,3110,3110,961,0.3090032154340836,0.41961414790996787,UXT,UXT single-gene control,source_near_epithelial_progenitor,UXT,False
0.45980707395498394,0.3886302250803859,0.008111608304991308,0.07117684887459802,0.038461538461538464,1.0,25,395.9191836726278,ok,GSM9226175,P4_AAH1,AAH,epithelial_progenitor_like,control_SETD3,0.75,1.0,12441,3110,3109,955,0.3070739549839228,0.4184625281440978,SETD3,SETD3 single-gene control,source_near_epithelial_progenitor,SETD3,False
0.4440514469453376,0.38982636655948555,0.0109643001902221,0.054225080385852054,0.038461538461538464,1.0,25,395.9191836726278,ok,GSM9226175,P4_AAH1,AAH,epithelial_progenitor_like,control_TRIM27,0.75,1.0,12441,3110,3110,920,0.2958199356913183,0.4064308681672026,TRIM27,TRIM27 single-gene control,source_near_epithelial_progenitor,TRIM27,False
0.4678456591639871,0.3907009646302251,0.008154533556913977,0.07714469453376205,0.038461538461538464,1.0,25,395.9191836726278,ok,GSM9226175,P4_AAH1,AAH,epithelial_progenitor_like,control_DERL1,0.75,1.0,12441,3110,3110,1017,0.3270096463022508,0.42733118971061096,DERL1,DERL1 single-gene control,source_near_epithelial_progenitor,DERL1,False
0.3836012861736334,0.3894662379421222,0.009829573754256884,-0.00586495176848878,0.6923076923076923,0.34615384615384615,25,395.9191836726278,ok,GSM9226175,P4_AAH1,AAH,epithelial_progenitor_like,control_MS4A7,0.75,1.0,12441,3110,3110,794,0.25530546623794215,0.3610932475884244,MS4A7,MS4A7 single-gene control,source_near_epithelial_progenitor,MS4A7,False
0.4565916398713826,0.38909324758842445,0.008706407539405827,0.06749839228295818,0.038461538461538464,1.0,25,395.9191836726278,ok,GSM9226175,P4_AAH1,AAH,epithelial_progenitor_like,control_PHF10,0.75,1.0,12441,3110,3110,962,0.3093247588424437,0.4212218649517685,PHF10,PHF10 single-gene control,source_near_epithelial_progenitor,PHF10,False
0.45562700964630226,0.388347266881029,0.0069506450286114805,0.06727974276527326,0.038461538461538464,1.0,25,395.9191836726278,ok,GSM9226175,P4_AAH1,AAH,epithelial_progenitor_like,control_RAB1B,0.75,1.0,12441,3110,3110,935,0.30064308681672025,0.4173633440514469,RAB1B,RAB1B single-gene control,source_near_epithelial_progenitor,RAB1B,False
0.4569131832797428,0.39103536977491954,0.008754468329695307,0.06587781350482325,0.038461538461538464,1.0,25,395.9191836726278,ok,GSM9226175,P4_AAH1,AAH,epithelial_progenitor_like,control_PRDX1,0.75,1.0,12441,3110,3110,961,0.3090032154340836,0.4202572347266881,PRDX1,PRDX1 single-gene control,source_near_epithelial_progenitor,PRDX1,False
0.507717041800643,0.38886173633440513,0.008482328926625335,0.1188553054662379,0.038461538461538464,1.0,25,395.9191836726278,ok,GSM9226175,P4_AAH1,AAH,epithelial_progenitor_like,control_SPRY2,0.75,1.0,12441,3110,3110,1094,0.3517684887459807,0.46688102893890676,SPRY2,SPRY2 single-gene control,source_near_epithelial_progenitor,SPRY2,False
0.43504823151125405,0.3886816720257235,0.008653341891188352,0.046366559485530534,0.038461538461538464,1.0,25,395.9191836726278,ok,GSM9226175,P4_AAH1,AAH,epithelial_progenitor_like,control_BSG,0.75,1.0,12441,3110,3110,890,0.2861736334405145,0.3935691318327974,BSG,BSG single-gene control,source_near_epithelial_progenitor,BSG,False
0.21828236824983735,0.1877683799609629,0.00608742379887689,0.030513988288874444,0.038461538461538464,1.0,25,382.47222121351507,ok,GSM9226176,P4_AAH2,AAH,epithelial_progenitor_like,control_MIF,0.75,1.0,12295,3074,1303,407,0.1324007807417046,0.41442824251726784,MIF,MIF single-gene control,source_near_epithelial_progenitor,MIF,True
0.3155497722836695,0.2754196486662329,0.007202785948261835,0.040130123617436564,0.038461538461538464,1.0,25,382.47222121351507,ok,GSM9226176,P4_AAH2,AAH,epithelial_progenitor_like,control_PRKDC,0.75,1.0,12295,3074,1977,607,0.197462589459987,0.4137582195245321,PRKDC,PRKDC single-gene control,source_near_epithelial_progenitor,PRKDC,False
0.3109954456733897,0.27303838646714373,0.008405069131078292,0.03795705920624598,0.038461538461538464,1.0,25,382.47222121351507,ok,GSM9226176,P4_AAH2,AAH,epithelial_progenitor_like,control_PHACTR2,0.75,1.0,12295,3074,1966,606,0.19713728041639558,0.41861648016276704,PHACTR2,PHACTR2 single-gene control,source_near_epithelial_progenitor,PHACTR2,False
0.1948601171112557,0.1746128822381262,0.0076627832471579975,0.020247234873129488,0.038461538461538464,1.0,25,382.47222121351507,ok,GSM9226176,P4_AAH2,AAH,epithelial_progenitor_like,control_RMND5A,0.75,1.0,12295,3074,1193,369,0.12003903708523098,0.40067057837384745,RMND5A,RMND5A single-gene control,source_near_epithelial_progenitor,RMND5A,False
0.3409238776837996,0.32092387768379965,0.006753669594064787,0.019999999999999962,0.038461538461538464,1.0,25,382.47222121351507,ok,GSM9226176,P4_AAH2,AAH,epithelial_progenitor_like,control_CKB,0.75,1.0,12295,3074,2346,713,0.23194534808067666,0.4019607843137255,CKB,CKB single-gene control,source_near_epithelial_progenitor,CKB,False
0.25471698113207547,0.22307091737150295,0.008116183566055837,0.031646063760572524,0.038461538461538464,1.0,25,382.47222121351507,ok,GSM9226176,P4_AAH2,AAH,epithelial_progenitor_like,control_KIF13B,0.75,1.0,12295,3074,1572,492,0.16005204944697463,0.410941475826972,KIF13B,KIF13B single-gene control,source_near_epithelial_progenitor,KIF13B,False
0.297007156798959,0.2673519843851659,0.007706048725637629,0.02965517241379312,0.038461538461538464,1.0,25,382.47222121351507,ok,GSM9226176,P4_AAH2,AAH,epithelial_progenitor_like,control_NR2F2,0.75,1.0,12295,3074,1909,576,0.1873780091086532,0.40492404400209536,NR2F2,NR2F2 single-gene control,source_near_epithelial_progenitor,NR2F2,False
0.3936239427456083,0.33319453480806765,0.010340308417939944,0.06042940793754065,0.038461538461538464,1.0,25,382.47222121351507,ok,GSM9226176,P4_AAH2,AAH,epithelial_progenitor_like,control_LIFR,0.75,1.0,12295,3074,2479,817,0.2657774886141835,0.43283582089552236,LIFR,LIFR single-gene control,source_near_epithelial_progenitor,LIFR,False
0.47332465842550425,0.4024723487312947,0.008736531556275726,0.07085230969420953,0.038461538461538464,1.0,25,382.47222121351507,ok,GSM9226176,P4_AAH2,AAH,epithelial_progenitor_like,control_CITED2,0.75,1.0,12295,3074,3074,1022,0.3324658425504229,0.4512036434612882,CITED2,CITED2 single-gene control,source_near_epithelial_progenitor,CITED2,False
0.3383214053350683,0.30447625243981785,0.007970890331009652,0.033845152895250474,0.038461538461538464,1.0,25,382.47222121351507,ok,GSM9226176,P4_AAH2,AAH,epithelial_progenitor_like,control_DDX46,0.75,1.0,12295,3074,2217,685,0.22283669486011712,0.40775823184483534,DDX46,DDX46 single-gene control,source_near_epithelial_progenitor,DDX46,False
0.302537410540013,0.2661808718282368,0.00790132742066555,0.03635653871177619,0.038461538461538464,1.0,25,382.47222121351507,ok,GSM9226176,P4_AAH2,AAH,epithelial_progenitor_like,control_PPM1A,0.75,1.0,12295,3074,1922,581,0.18900455432661029,0.4084287200832466,PPM1A,PPM1A single-gene control,source_near_epithelial_progenitor,PPM1A,False
0.2423552374756018,0.21798308392973326,0.006656207794896586,0.024372153545868552,0.038461538461538464,1.0,25,382.47222121351507,ok,GSM9226176,P4_AAH2,AAH,epithelial_progenitor_like,control_UXT,0.75,1.0,12295,3074,1505,457,0.1486662329212752,0.4053156146179402,UXT,UXT single-gene control,source_near_epithelial_progenitor,UXT,False
0.33962264150943394,0.3088223812621991,0.008086901913703103,0.030800260247234867,0.038461538461538464,1.0,25,382.47222121351507,ok,GSM9226176,P4_AAH2,AAH,epithelial_progenitor_like,control_SETD3,0.75,1.0,12295,3074,2251,671,0.21828236824983735,0.4020435362061306,SETD3,SETD3 single-gene control,source_near_epithelial_progenitor,SETD3,False
0.30416395575797006,0.27702016916070266,0.008386876819594226,0.027143786597267405,0.038461538461538464,1.0,25,382.47222121351507,ok,GSM9226176,P4_AAH2,AAH,epithelial_progenitor_like,control_TRIM27,0.75,1.0,12295,3074,1987,591,0.1922576447625244,0.3995973829894313,TRIM27,TRIM27 single-gene control,source_near_epithelial_progenitor,TRIM27,False
0.33083929733246586,0.29910214703968774,0.007635574520786155,0.03173715029277813,0.038461538461538464,1.0,25,382.47222121351507,ok,GSM9226176,P4_AAH2,AAH,epithelial_progenitor_like,control_DERL1,0.75,1.0,12295,3074,2211,647,0.21047495120364346,0.3984622342831298,DERL1,DERL1 single-gene control,source_near_epithelial_progenitor,DERL1,False
0.3786597267404034,0.40114508783344177,0.007971354996934478,-0.022485361093038392,1.0,0.038461538461538464,25,382.47222121351507,ok,GSM9226176,P4_AAH2,AAH,epithelial_progenitor_like,control_MS4A7,0.75,1.0,12295,3074,3074,760,0.247234873129473,0.3571893298633702,MS4A7,MS4A7 single-gene control,source_near_epithelial_progenitor,MS4A7,False
0.27228366948601174,0.24109303838646717,0.008742747373315377,0.031190631099544563,0.038461538461538464,1.0,25,382.47222121351507,ok,GSM9226176,P4_AAH2,AAH,epithelial_progenitor_like,control_PHF10,0.75,1.0,12295,3074,1704,523,0.1701366297983084,0.41607981220657275,PHF10,PHF10 single-gene control,source_near_epithelial_progenitor,PHF10,False
0.3155497722836695,0.294469746258946,0.007581050232491175,0.021080026024723475,0.038461538461538464,1.0,25,382.47222121351507,ok,GSM9226176,P4_AAH2,AAH,epithelial_progenitor_like,control_RAB1B,0.75,1.0,12295,3074,2151,631,0.20527000650618088,0.3947001394700139,RAB1B,RAB1B single-gene control,source_near_epithelial_progenitor,RAB1B,False
0.21600520494469747,0.2102537410540013,0.007655552401599569,0.005751463890696168,0.23076923076923078,0.8076923076923077,25,382.47222121351507,ok,GSM9226176,P4_AAH2,AAH,epithelial_progenitor_like,control_PRDX1,0.75,1.0,12295,3074,1492,393,0.12784645413142484,0.3699731903485255,PRDX1,PRDX1 single-gene control,source_near_epithelial_progenitor,PRDX1,False
0.23682498373454783,0.17881587508132724,0.006478143884395121,0.05800910865322059,0.038461538461538464,1.0,25,382.47222121351507,ok,GSM9226176,P4_AAH2,AAH,epithelial_progenitor_like,control_SPRY2,0.75,1.0,12295,3074,1222,454,0.14769030579050096,0.49345335515548283,SPRY2,SPRY2 single-gene control,source_near_epithelial_progenitor,SPRY2,False
0.3165256994144437,0.2849707221860768,0.007119116703590167,0.03155497722836692,0.038461538461538464,1.0,25,382.47222121351507,ok,GSM9226176,P4_AAH2,AAH,epithelial_progenitor_like,control_BSG,0.75,1.0,12295,3074,2043,640,0.20819778789850357,0.4111600587371512,BSG,BSG single-gene control,source_near_epithelial_progenitor,BSG,False
0.5691833590138675,0.4267734976887519,0.009223275297441352,0.14240986132511563,0.038461538461538464,1.0,25,395.6829538911172,ok,GSM9226177,P4_LUAD,LUAD,epithelial_progenitor_like,control_MIF,0.75,1.0,12978,3245,3245,1348,0.41540832049306625,0.5121725731895224,MIF,MIF single-gene control,source_near_epithelial_progenitor,MIF,True
0.5235747303543914,0.42862249614791986,0.011026129261464318,0.09495223420647153,0.038461538461538464,1.0,25,395.6829538911172,ok,GSM9226177,P4_LUAD,LUAD,epithelial_progenitor_like,control_PRKDC,0.75,1.0,12978,3245,3245,1231,0.37935285053929124,0.4708782742681048,PRKDC,PRKDC single-gene control,source_near_epithelial_progenitor,PRKDC,False
0.2585516178736518,0.4315315870570107,0.009300347886294342,-0.17297996918335895,1.0,0.038461538461538464,25,395.6829538911172,ok,GSM9226177,P4_LUAD,LUAD,epithelial_progenitor_like,control_PHACTR2,0.75,1.0,12978,3245,3245,465,0.14329738058551617,0.18952234206471494,PHACTR2,PHACTR2 single-gene control,source_near_epithelial_progenitor,PHACTR2,False
0.36579352850539293,0.42921417565485354,0.010006317236220428,-0.06342064714946061,1.0,0.038461538461538464,25,395.6829538911172,ok,GSM9226177,P4_LUAD,LUAD,epithelial_progenitor_like,control_RMND5A,0.75,1.0,12978,3245,3245,663,0.20431432973805855,0.2730354391371341,RMND5A,RMND5A single-gene control,source_near_epithelial_progenitor,RMND5A,False
0.6721109399075501,0.42900462249614796,0.010349728081409748,0.24310631741140215,0.038461538461538464,1.0,25,395.6829538911172,ok,GSM9226177,P4_LUAD,LUAD,epithelial_progenitor_like,control_CKB,0.75,1.0,12978,3245,3245,1844,0.5682588597842835,0.6419106317411403,CKB,CKB single-gene control,source_near_epithelial_progenitor,CKB,False
0.3423728813559322,0.4313343605546995,0.00791829777277275,-0.08896147919876729,1.0,0.038461538461538464,25,395.6829538911172,ok,GSM9226177,P4_LUAD,LUAD,epithelial_progenitor_like,control_KIF13B,0.75,1.0,12978,3245,3245,604,0.18613251155624036,0.2613251155624037,KIF13B,KIF13B single-gene control,source_near_epithelial_progenitor,KIF13B,False
0.13466872110939906,0.4320246533127889,0.011651692761922598,-0.29735593220338985,1.0,0.038461538461538464,25,395.6829538911172,ok,GSM9226177,P4_LUAD,LUAD,epithelial_progenitor_like,control_NR2F2,0.75,1.0,12978,3245,3245,180,0.05546995377503852,0.1066255778120185,NR2F2,NR2F2 single-gene control,source_near_epithelial_progenitor,NR2F2,False
0.2292758089368259,0.4327519260400616,0.012496113088030942,-0.20347611710323568,1.0,0.038461538461538464,25,395.6829538911172,ok,GSM9226177,P4_LUAD,LUAD,epithelial_progenitor_like,control_LIFR,0.75,1.0,12978,3245,3245,424,0.13066255778120184,0.16856702619414485,LIFR,LIFR single-gene control,source_near_epithelial_progenitor,LIFR,False
0.2505392912172573,0.4269460708782743,0.00947708999060415,-0.17640677966101698,1.0,0.038461538461538464,25,395.6829538911172,ok,GSM9226177,P4_LUAD,LUAD,epithelial_progenitor_like,control_CITED2,0.75,1.0,12978,3245,3245,460,0.14175654853620956,0.19167950693374422,CITED2,CITED2 single-gene control,source_near_epithelial_progenitor,CITED2,False
0.3556240369799692,0.4315069337442219,0.009862641155122065,-0.0758828967642527,1.0,0.038461538461538464,25,395.6829538911172,ok,GSM9226177,P4_LUAD,LUAD,epithelial_progenitor_like,control_DDX46,0.75,1.0,12978,3245,3245,656,0.20215716486902927,0.2727272727272727,DDX46,DDX46 single-gene control,source_near_epithelial_progenitor,DDX46,False
0.45208012326656394,0.43129738058551625,0.0096905474367136,0.020782742681047683,0.07692307692307693,0.9615384615384616,25,395.6829538911172,ok,GSM9226177,P4_LUAD,LUAD,epithelial_progenitor_like,control_PPM1A,0.75,1.0,12978,3245,3245,920,0.2835130970724191,0.3562403697996918,PPM1A,PPM1A single-gene control,source_near_epithelial_progenitor,PPM1A,False
0.48258859784283514,0.430286594761171,0.009338899877917207,0.05230200308166416,0.038461538461538464,1.0,25,395.6829538911172,ok,GSM9226177,P4_LUAD,LUAD,epithelial_progenitor_like,control_UXT,0.75,1.0,12978,3245,3245,973,0.29984591679506933,0.3842835130970724,UXT,UXT single-gene control,source_near_epithelial_progenitor,UXT,False
0.3556240369799692,0.4326779661016949,0.010180955702168383,-0.0770539291217257,1.0,0.038461538461538464,25,395.6829538911172,ok,GSM9226177,P4_LUAD,LUAD,epithelial_progenitor_like,control_SETD3,0.75,1.0,12978,3245,3244,698,0.21510015408320493,0.2786683107274969,SETD3,SETD3 single-gene control,source_near_epithelial_progenitor,SETD3,False
0.5315870570107858,0.43216024653312785,0.008687560356810018,0.09942681047765795,0.038461538461538464,1.0,25,395.6829538911172,ok,GSM9226177,P4_LUAD,LUAD,epithelial_progenitor_like,control_TRIM27,0.75,1.0,12978,3245,3245,1251,0.3855161787365177,0.47673343605547,TRIM27,TRIM27 single-gene control,source_near_epithelial_progenitor,TRIM27,False
0.43143297380585516,0.43176579352850547,0.009262062651507558,-0.0003328197226503127,0.5,0.5384615384615384,25,395.6829538911172,ok,GSM9226177,P4_LUAD,LUAD,epithelial_progenitor_like,control_DERL1,0.75,1.0,12978,3245,3245,841,0.25916795069337445,0.32973805855161786,DERL1,DERL1 single-gene control,source_near_epithelial_progenitor,DERL1,False
0.1189522342064715,0.43254237288135594,0.010965197155783644,-0.31359013867488444,1.0,0.038461538461538464,25,395.6829538911172,ok,GSM9226177,P4_LUAD,LUAD,epithelial_progenitor_like,control_MS4A7,0.75,1.0,12978,3245,3245,165,0.05084745762711865,0.10693374422187982,MS4A7,MS4A7 single-gene control,source_near_epithelial_progenitor,MS4A7,False
0.36117103235747305,0.42844992295839746,0.007749593819140117,-0.0672788906009244,1.0,0.038461538461538464,25,395.6829538911172,ok,GSM9226177,P4_LUAD,LUAD,epithelial_progenitor_like,control_PHF10,0.75,1.0,12978,3245,3245,696,0.21448382126348228,0.27519260400616335,PHF10,PHF10 single-gene control,source_near_epithelial_progenitor,PHF10,False
0.4431432973805855,0.42922650231124804,0.010905013180823474,0.013916795069337462,0.11538461538461539,0.9230769230769231,25,395.6829538911172,ok,GSM9226177,P4_LUAD,LUAD,epithelial_progenitor_like,control_RAB1B,0.75,1.0,12978,3245,3245,887,0.2733436055469954,0.3445300462249615,RAB1B,RAB1B single-gene control,source_near_epithelial_progenitor,RAB1B,False
0.4979969183359014,0.43055778120184895,0.009272634586786847,0.06743913713405242,0.038461538461538464,1.0,25,395.6829538911172,ok,GSM9226177,P4_LUAD,LUAD,epithelial_progenitor_like,control_PRDX1,0.75,1.0,12978,3245,3244,1187,0.36579352850539293,0.4590012330456227,PRDX1,PRDX1 single-gene control,source_near_epithelial_progenitor,PRDX1,False
0.3725731895223421,0.4284129429892142,0.011712012961696857,-0.05583975346687209,1.0,0.038461538461538464,25,395.6829538911172,ok,GSM9226177,P4_LUAD,LUAD,epithelial_progenitor_like,control_SPRY2,0.75,1.0,12978,3245,3244,673,0.20739599383667182,0.2752774352651048,SPRY2,SPRY2 single-gene control,source_near_epithelial_progenitor,SPRY2,False
0.40154083204930663,0.43455161787365176,0.009049604528862979,-0.033010785824345135,1.0,0.038461538461538464,25,395.6829538911172,ok,GSM9226177,P4_LUAD,LUAD,epithelial_progenitor_like,control_BSG,0.75,1.0,12978,3245,3245,771,0.23759630200308166,0.3189522342064715,BSG,BSG single-gene control,source_near_epithelial_progenitor,BSG,False
0.32573080629617734,0.26253774494057175,0.008796619349305127,0.0631930613556056,0.038461538461538464,1.0,25,382.890323722081,ok,GSM9226174,P4_Normal,Normal,epithelial_progenitor_like,control_MIF,0.75,1.0,12453,3113,2093,706,0.2267908769675554,0.42044911610129,MIF,MIF single-gene control,source_near_epithelial_progenitor,MIF,True
0.4648249277224542,0.37823321554770317,0.010256475908157035,0.08659171217475103,0.038461538461538464,1.0,25,382.890323722081,ok,GSM9226174,P4_Normal,Normal,epithelial_progenitor_like,control_PRKDC,0.75,1.0,12453,3113,3113,1072,0.34436235142948923,0.4349502088017989,PRKDC,PRKDC single-gene control,source_near_epithelial_progenitor,PRKDC,False
0.5091551557982653,0.376113074204947,0.0075299863600115985,0.13304208159331832,0.038461538461538464,1.0,25,382.890323722081,ok,GSM9226174,P4_Normal,Normal,epithelial_progenitor_like,control_PHACTR2,0.75,1.0,12453,3113,3113,1196,0.384195309990363,0.471249598458079,PHACTR2,PHACTR2 single-gene control,source_near_epithelial_progenitor,PHACTR2,False
0.3996145197558625,0.3252682300032123,0.007687868669941799,0.07434628975265017,0.038461538461538464,1.0,25,382.890323722081,ok,GSM9226174,P4_Normal,Normal,epithelial_progenitor_like,control_RMND5A,0.75,1.0,12453,3113,2643,873,0.2804368776100225,0.41127506621263715,RMND5A,RMND5A single-gene control,source_near_epithelial_progenitor,RMND5A,False
0.49951814969482816,0.3757661419852233,0.00876712571092153,0.12375200770960487,0.038461538461538464,1.0,25,382.890323722081,ok,GSM9226174,P4_Normal,Normal,epithelial_progenitor_like,control_CKB,0.75,1.0,12453,3113,3113,1198,0.38483777706392547,0.4693221972373916,CKB,CKB single-gene control,source_near_epithelial_progenitor,CKB,False
0.42467073562479923,0.3737102473498233,0.007661425464276936,0.05096048827497596,0.038461538461538464,1.0,25,382.890323722081,ok,GSM9226174,P4_Normal,Normal,epithelial_progenitor_like,control_KIF13B,0.75,1.0,12453,3113,3101,955,0.30677802762608414,0.3860045146726862,KIF13B,KIF13B single-gene control,source_near_epithelial_progenitor,KIF13B,False
0.4895599100546097,0.37724381625441694,0.007478534752414138,0.11231609380019275,0.038461538461538464,1.0,25,382.890323722081,ok,GSM9226174,P4_Normal,Normal,epithelial_progenitor_like,control_NR2F2,0.75,1.0,12453,3113,3113,1155,0.3710247349823322,0.4526180533247671,NR2F2,NR2F2 single-gene control,source_near_epithelial_progenitor,NR2F2,False
0.5094763893350466,0.3796337937680694,0.009676188326443822,0.1298425955669772,0.038461538461538464,1.0,25,382.890323722081,ok,GSM9226174,P4_Normal,Normal,epithelial_progenitor_like,control_LIFR,0.75,1.0,12453,3113,3113,1187,0.38130420815933186,0.4744619338258914,LIFR,LIFR single-gene control,source_near_epithelial_progenitor,LIFR,False
0.472534532605204,0.37565049791198196,0.008281763588251202,0.09688403469322204,0.038461538461538464,1.0,25,382.890323722081,ok,GSM9226174,P4_Normal,Normal,epithelial_progenitor_like,control_CITED2,0.75,1.0,12453,3113,3113,1125,0.361387728878895,0.4481207838098297,CITED2,CITED2 single-gene control,source_near_epithelial_progenitor,CITED2,False
0.48827497590748475,0.37778348859620947,0.009039114455204196,0.11049148731127528,0.038461538461538464,1.0,25,382.890323722081,ok,GSM9226174,P4_Normal,Normal,epithelial_progenitor_like,control_DDX46,0.75,1.0,12453,3113,3113,1134,0.3642788307099261,0.44908448442017346,DDX46,DDX46 single-gene control,source_near_epithelial_progenitor,DDX46,False
0.472534532605204,0.3775393511082557,0.007527610624036538,0.0949951814969483,0.038461538461538464,1.0,25,382.890323722081,ok,GSM9226174,P4_Normal,Normal,epithelial_progenitor_like,control_PPM1A,0.75,1.0,12453,3113,3113,1104,0.3546418246064889,0.4371988435592676,PPM1A,PPM1A single-gene control,source_near_epithelial_progenitor,PPM1A,False
0.3976871185351751,0.3486154834564729,0.007404229781157287,0.04907163507870216,0.038461538461538464,1.0,25,382.890323722081,ok,GSM9226174,P4_Normal,Normal,epithelial_progenitor_like,control_UXT,0.75,1.0,12453,3113,2842,879,0.2823642788307099,0.3856439127375088,UXT,UXT single-gene control,source_near_epithelial_progenitor,UXT,False
0.49180854481207836,0.3739672341792483,0.008567907266537224,0.11784131063283004,0.038461538461538464,1.0,25,382.890323722081,ok,GSM9226174,P4_Normal,Normal,epithelial_progenitor_like,control_SETD3,0.75,1.0,12453,3113,3113,1146,0.368133633151301,0.45229681978798586,SETD3,SETD3 single-gene control,source_near_epithelial_progenitor,SETD3,False
0.4494057179569547,0.3752007709604883,0.008588617810035452,0.0742049469964664,0.038461538461538464,1.0,25,382.890323722081,ok,GSM9226174,P4_Normal,Normal,epithelial_progenitor_like,control_TRIM27,0.75,1.0,12453,3113,3113,1037,0.3331191776421458,0.41599743013170576,TRIM27,TRIM27 single-gene control,source_near_epithelial_progenitor,TRIM27,False
0.45133311917764213,0.37669129457115325,0.008217595063278174,0.07464182460648888,0.038461538461538464,1.0,25,382.890323722081,ok,GSM9226174,P4_Normal,Normal,epithelial_progenitor_like,control_DERL1,0.75,1.0,12453,3113,3113,1064,0.3417924831352393,0.41663989720526823,DERL1,DERL1 single-gene control,source_near_epithelial_progenitor,DERL1,False
0.40475425634436235,0.3776292964985544,0.007906239763397088,0.027124959845807928,0.038461538461538464,1.0,25,382.890323722081,ok,GSM9226174,P4_Normal,Normal,epithelial_progenitor_like,control_MS4A7,0.75,1.0,12453,3113,3113,872,0.28011564407324124,0.37809187279151946,MS4A7,MS4A7 single-gene control,source_near_epithelial_progenitor,MS4A7,False
0.47928043687761,0.37592033408287834,0.010470636574054927,0.10336010279473168,0.038461538461538464,1.0,25,382.890323722081,ok,GSM9226174,P4_Normal,Normal,epithelial_progenitor_like,control_PHF10,0.75,1.0,12453,3113,3113,1129,0.3626726630260199,0.4449084484420173,PHF10,PHF10 single-gene control,source_near_epithelial_progenitor,PHF10,False
0.49341471249598456,0.37610022486347583,0.005130526333893412,0.11731448763250873,0.038461538461538464,1.0,25,382.890323722081,ok,GSM9226174,P4_Normal,Normal,epithelial_progenitor_like,control_RAB1B,0.75,1.0,12453,3113,3113,1163,0.37359460327658206,0.4584002569868294,RAB1B,RAB1B single-gene control,source_near_epithelial_progenitor,RAB1B,False
0.3970446514616126,0.3414584002569868,0.007556661923366523,0.05558625120462579,0.038461538461538464,1.0,25,382.890323722081,ok,GSM9226174,P4_Normal,Normal,epithelial_progenitor_like,control_PRDX1,0.75,1.0,12453,3113,2802,849,0.2727272727272727,0.390435403283369,PRDX1,PRDX1 single-gene control,source_near_epithelial_progenitor,PRDX1,False
0.44105364600064245,0.3350208801798908,0.006137802610845432,0.10603276582075166,0.038461538461538464,1.0,25,382.890323722081,ok,GSM9226174,P4_Normal,Normal,epithelial_progenitor_like,control_SPRY2,0.75,1.0,12453,3113,2767,987,0.31705750080308387,0.4409107336465486,SPRY2,SPRY2 single-gene control,source_near_epithelial_progenitor,SPRY2,False
0.4567940893029232,0.37568904593639574,0.006727471898729706,0.08110504336652746,0.038461538461538464,1.0,25,382.890323722081,ok,GSM9226174,P4_Normal,Normal,epithelial_progenitor_like,control_BSG,0.75,1.0,12453,3113,3113,1045,0.33568904593639576,0.4172823642788307,BSG,BSG single-gene control,source_near_epithelial_progenitor,BSG,False
0.571047619047619,0.3680914285714285,0.012554235477330236,0.2029561904761905,0.038461538461538464,1.0,25,396.8500976439341,ok,GSM9226178,P5_AIS,AIS,epithelial_progenitor_like,control_MIF,0.75,1.0,10499,2625,2625,1161,0.4422857142857143,0.5142857142857142,MIF,MIF single-gene control,source_near_epithelial_progenitor,MIF,True
0.5744761904761905,0.3736076190476191,0.009383422444931556,0.2008685714285714,0.038461538461538464,1.0,25,396.8500976439341,ok,GSM9226178,P5_AIS,AIS,epithelial_progenitor_like,control_PRKDC,0.75,1.0,10499,2625,2625,1175,0.44761904761904764,0.5081904761904762,PRKDC,PRKDC single-gene control,source_near_epithelial_progenitor,PRKDC,False
0.34285714285714286,0.37066666666666664,0.008064741810413521,-0.027809523809523784,1.0,0.038461538461538464,25,396.8500976439341,ok,GSM9226178,P5_AIS,AIS,epithelial_progenitor_like,control_PHACTR2,0.75,1.0,10499,2625,2625,630,0.24,0.312,PHACTR2,PHACTR2 single-gene control,source_near_epithelial_progenitor,PHACTR2,False
0.5272380952380953,0.372327619047619,0.00938301000719718,0.15491047619047627,0.038461538461538464,1.0,25,396.8500976439341,ok,GSM9226178,P5_AIS,AIS,epithelial_progenitor_like,control_RMND5A,0.75,1.0,10499,2625,2625,1043,0.3973333333333333,0.4632380952380952,RMND5A,RMND5A single-gene control,source_near_epithelial_progenitor,RMND5A,False
0.31542857142857145,0.3693561904761905,0.007657900933808042,-0.05392761904761906,1.0,0.038461538461538464,25,396.8500976439341,ok,GSM9226178,P5_AIS,AIS,epithelial_progenitor_like,control_CKB,0.75,1.0,10499,2625,2625,601,0.22895238095238096,0.2967619047619048,CKB,CKB single-gene control,source_near_epithelial_progenitor,CKB,False
0.5485714285714286,0.3396114285714285,0.007692597378114156,0.2089600000000001,0.038461538461538464,1.0,25,396.8500976439341,ok,GSM9226178,P5_AIS,AIS,epithelial_progenitor_like,control_KIF13B,0.75,1.0,10499,2625,2363,1120,0.4266666666666667,0.5391451544646636,KIF13B,KIF13B single-gene control,source_near_epithelial_progenitor,KIF13B,False
0.28114285714285714,0.3700876190476191,0.007878994146008386,-0.08894476190476197,1.0,0.038461538461538464,25,396.8500976439341,ok,GSM9226178,P5_AIS,AIS,epithelial_progenitor_like,control_NR2F2,0.75,1.0,10499,2625,2625,487,0.18552380952380954,0.259047619047619,NR2F2,NR2F2 single-gene control,source_near_epithelial_progenitor,NR2F2,False
0.2038095238095238,0.3723580952380952,0.008055048697792555,-0.1685485714285714,1.0,0.038461538461538464,25,396.8500976439341,ok,GSM9226178,P5_AIS,AIS,epithelial_progenitor_like,control_LIFR,0.75,1.0,10499,2625,2625,350,0.13333333333333333,0.20304761904761906,LIFR,LIFR single-gene control,source_near_epithelial_progenitor,LIFR,False
0.35504761904761906,0.37083428571428567,0.009456959028888412,-0.015786666666666616,1.0,0.038461538461538464,25,396.8500976439341,ok,GSM9226178,P5_AIS,AIS,epithelial_progenitor_like,control_CITED2,0.75,1.0,10499,2625,2624,637,0.24266666666666667,0.3132621951219512,CITED2,CITED2 single-gene control,source_near_epithelial_progenitor,CITED2,False
0.5535238095238095,0.37409523809523804,0.01096796682600272,0.1794285714285715,0.038461538461538464,1.0,25,396.8500976439341,ok,GSM9226178,P5_AIS,AIS,epithelial_progenitor_like,control_DDX46,0.75,1.0,10499,2625,2624,1073,0.40876190476190477,0.4771341463414634,DDX46,DDX46 single-gene control,source_near_epithelial_progenitor,DDX46,False
0.45676190476190476,0.36924952380952386,0.007962512318279028,0.0875123809523809,0.038461538461538464,1.0,25,396.8500976439341,ok,GSM9226178,P5_AIS,AIS,epithelial_progenitor_like,control_PPM1A,0.75,1.0,10499,2625,2625,853,0.32495238095238094,0.39466666666666667,PPM1A,PPM1A single-gene control,source_near_epithelial_progenitor,PPM1A,False
0.5664761904761905,0.3540419047619048,0.007007936328174155,0.2124342857142857,0.038461538461538464,1.0,25,396.8500976439341,ok,GSM9226178,P5_AIS,AIS,epithelial_progenitor_like,control_UXT,0.75,1.0,10499,2625,2483,1173,0.44685714285714284,0.5368505839710028,UXT,UXT single-gene control,source_near_epithelial_progenitor,UXT,False
0.4167619047619048,0.3723885714285714,0.007638166488208235,0.044373333333333376,0.038461538461538464,1.0,25,396.8500976439341,ok,GSM9226178,P5_AIS,AIS,epithelial_progenitor_like,control_SETD3,0.75,1.0,10499,2625,2625,771,0.2937142857142857,0.37104761904761907,SETD3,SETD3 single-gene control,source_near_epithelial_progenitor,SETD3,False
0.5253333333333333,0.3720380952380953,0.009901708931195942,0.15329523809523804,0.038461538461538464,1.0,25,396.8500976439341,ok,GSM9226178,P5_AIS,AIS,epithelial_progenitor_like,control_TRIM27,0.75,1.0,10499,2625,2625,1057,0.4026666666666667,0.47123809523809523,TRIM27,TRIM27 single-gene control,source_near_epithelial_progenitor,TRIM27,False
0.5413333333333333,0.37066666666666664,0.008813512610483258,0.1706666666666667,0.038461538461538464,1.0,25,396.8500976439341,ok,GSM9226178,P5_AIS,AIS,epithelial_progenitor_like,control_DERL1,0.75,1.0,10499,2625,2625,1070,0.4076190476190476,0.48304761904761906,DERL1,DERL1 single-gene control,source_near_epithelial_progenitor,DERL1,False
0.37142857142857144,0.37176380952380955,0.009827119371019927,-0.00033523809523811066,0.6153846153846154,0.4230769230769231,25,396.8500976439341,ok,GSM9226178,P5_AIS,AIS,epithelial_progenitor_like,control_MS4A7,0.75,1.0,10499,2625,2625,685,0.26095238095238094,0.3417142857142857,MS4A7,MS4A7 single-gene control,source_near_epithelial_progenitor,MS4A7,False
0.5001904761904762,0.37095619047619055,0.009830786018498043,0.12923428571428563,0.038461538461538464,1.0,25,396.8500976439341,ok,GSM9226178,P5_AIS,AIS,epithelial_progenitor_like,control_PHF10,0.75,1.0,10499,2625,2625,949,0.3615238095238095,0.4300952380952381,PHF10,PHF10 single-gene control,source_near_epithelial_progenitor,PHF10,False
0.4099047619047619,0.3701942857142857,0.009764129827717216,0.039710476190476185,0.038461538461538464,1.0,25,396.8500976439341,ok,GSM9226178,P5_AIS,AIS,epithelial_progenitor_like,control_RAB1B,0.75,1.0,10499,2625,2625,758,0.2887619047619048,0.3657142857142857,RAB1B,RAB1B single-gene control,source_near_epithelial_progenitor,RAB1B,False
0.5740952380952381,0.36271238095238095,0.006625104000952106,0.21138285714285715,0.038461538461538464,1.0,25,396.8500976439341,ok,GSM9226178,P5_AIS,AIS,epithelial_progenitor_like,control_PRDX1,0.75,1.0,10499,2625,2556,1170,0.44571428571428573,0.5242566510172144,PRDX1,PRDX1 single-gene control,source_near_epithelial_progenitor,PRDX1,False
0.5295238095238095,0.3744304761904762,0.00819218882057522,0.1550933333333333,0.038461538461538464,1.0,25,396.8500976439341,ok,GSM9226178,P5_AIS,AIS,epithelial_progenitor_like,control_SPRY2,0.75,1.0,10499,2625,2625,1057,0.4026666666666667,0.47085714285714286,SPRY2,SPRY2 single-gene control,source_near_epithelial_progenitor,SPRY2,False
0.4575238095238095,0.37033142857142864,0.009677690172496218,0.08719238095238085,0.038461538461538464,1.0,25,396.8500976439341,ok,GSM9226178,P5_AIS,AIS,epithelial_progenitor_like,control_BSG,0.75,1.0,10499,2625,2625,804,0.3062857142857143,0.392,BSG,BSG single-gene control,source_near_epithelial_progenitor,BSG,False
0.6610393909301556,0.5488910956636874,0.008299094418359429,0.11214829526646819,0.038461538461538464,1.0,25,397.3675880088863,ok,GSM9226179,P5_LUAD,LUAD,epithelial_progenitor_like,control_MIF,0.75,1.0,12084,3021,3021,1424,0.4713670969877524,0.6358821582257531,MIF,MIF single-gene control,source_near_epithelial_progenitor,MIF,True
0.5637206223104932,0.547911287653095,0.010355959396093987,0.0158093346573982,0.07692307692307693,0.9615384615384616,25,397.3675880088863,ok,GSM9226179,P5_LUAD,LUAD,epithelial_progenitor_like,control_PRKDC,0.75,1.0,12084,3021,3020,884,0.29261833829857664,0.4460264900662252,PRKDC,PRKDC single-gene control,source_near_epithelial_progenitor,PRKDC,False
0.3737173121482953,0.5464680569347898,0.009974670912147546,-0.17275074478649455,1.0,0.038461538461538464,25,397.3675880088863,ok,GSM9226179,P5_LUAD,LUAD,epithelial_progenitor_like,control_PHACTR2,0.75,1.0,12084,3021,3020,426,0.141012909632572,0.2774834437086093,PHACTR2,PHACTR2 single-gene control,source_near_epithelial_progenitor,PHACTR2,False
0.6239655743131414,0.5452366765971532,0.008668096518894086,0.07872889771598812,0.038461538461538464,1.0,25,397.3675880088863,ok,GSM9226179,P5_LUAD,LUAD,epithelial_progenitor_like,control_RMND5A,0.75,1.0,12084,3021,3021,1014,0.3356504468718967,0.47070506454816285,RMND5A,RMND5A single-gene control,source_near_epithelial_progenitor,RMND5A,False
0.6358821582257531,0.5458722277391592,0.01076944538722166,0.09000993048659389,0.038461538461538464,1.0,25,397.3675880088863,ok,GSM9226179,P5_LUAD,LUAD,epithelial_progenitor_like,control_CKB,0.75,1.0,12084,3021,3021,1292,0.4276729559748428,0.5607414763323403,CKB,CKB single-gene control,source_near_epithelial_progenitor,CKB,False
0.48758689175769615,0.5495266468056934,0.007283184329020414,-0.06193975504799726,1.0,0.038461538461538464,25,397.3675880088863,ok,GSM9226179,P5_LUAD,LUAD,epithelial_progenitor_like,control_KIF13B,0.75,1.0,12084,3021,3021,678,0.22442899702085403,0.35120820920225093,KIF13B,KIF13B single-gene control,source_near_epithelial_progenitor,KIF13B,False
0.299238662694472,0.5503475670307845,0.009623220893733816,-0.25110890433631244,1.0,0.038461538461538464,25,397.3675880088863,ok,GSM9226179,P5_LUAD,LUAD,epithelial_progenitor_like,control_NR2F2,0.75,1.0,12084,3021,3021,334,0.11055941741145316,0.22608407811982786,NR2F2,NR2F2 single-gene control,source_near_epithelial_progenitor,NR2F2,False
0.5435286329030122,0.5484673949023502,0.00929694082286156,-0.0049387619993379595,0.7692307692307693,0.2692307692307692,25,397.3675880088863,ok,GSM9226179,P5_LUAD,LUAD,epithelial_progenitor_like,control_LIFR,0.75,1.0,12084,3021,3021,809,0.2677921218139689,0.38695796094008605,LIFR,LIFR single-gene control,source_near_epithelial_progenitor,LIFR,False
0.5690168818272096,0.5475935120820921,0.009937619270798373,0.021423369745117493,0.038461538461538464,1.0,25,397.3675880088863,ok,GSM9226179,P5_LUAD,LUAD,epithelial_progenitor_like,control_CITED2,0.75,1.0,12084,3021,3020,1081,0.3578285335981463,0.5182119205298014,CITED2,CITED2 single-gene control,source_near_epithelial_progenitor,CITED2,False
0.4809665673618007,0.5476332340284674,0.011386829659356888,-0.06666666666666671,1.0,0.038461538461538464,25,397.3675880088863,ok,GSM9226179,P5_LUAD,LUAD,epithelial_progenitor_like,control_DDX46,0.75,1.0,12084,3021,3021,707,0.23402846739490235,0.37636544190665344,DDX46,DDX46 single-gene control,source_near_epithelial_progenitor,DDX46,False
0.5604104601125455,0.5511817279046674,0.010790367198053324,0.009228732207878121,0.15384615384615385,0.8846153846153846,25,397.3675880088863,ok,GSM9226179,P5_LUAD,LUAD,epithelial_progenitor_like,control_PPM1A,0.75,1.0,12084,3021,3021,1412,0.46739490235021514,0.6001324064879179,PPM1A,PPM1A single-gene control,source_near_epithelial_progenitor,PPM1A,False
0.5412115193644489,0.5504137702747436,0.011752241294986247,-0.009202250910294696,0.8846153846153846,0.19230769230769232,25,397.3675880088863,ok,GSM9226179,P5_LUAD,LUAD,epithelial_progenitor_like,control_UXT,0.75,1.0,12084,3021,3021,806,0.26679907315458457,0.3988745448526978,UXT,UXT single-gene control,source_near_epithelial_progenitor,UXT,False
0.44885799404170806,0.5479377689506787,0.01249694736953771,-0.09907977490897063,1.0,0.038461538461538464,25,397.3675880088863,ok,GSM9226179,P5_LUAD,LUAD,epithelial_progenitor_like,control_SETD3,0.75,1.0,12084,3021,3020,561,0.18570009930486595,0.3271523178807947,SETD3,SETD3 single-gene control,source_near_epithelial_progenitor,SETD3,False
0.5071168487255876,0.5490897053955645,0.011460764400704449,-0.041972856669976855,1.0,0.038461538461538464,25,397.3675880088863,ok,GSM9226179,P5_LUAD,LUAD,epithelial_progenitor_like,control_TRIM27,0.75,1.0,12084,3021,3021,863,0.28566699768288645,0.4200595829195631,TRIM27,TRIM27 single-gene control,source_near_epithelial_progenitor,TRIM27,False
0.5398874544852698,0.5465475008275406,0.013602014598321733,-0.006660046342270798,0.6923076923076923,0.34615384615384615,25,397.3675880088863,ok,GSM9226179,P5_LUAD,LUAD,epithelial_progenitor_like,control_DERL1,0.75,1.0,12084,3021,3021,754,0.24958622972525654,0.3829857663025488,DERL1,DERL1 single-gene control,source_near_epithelial_progenitor,DERL1,False
0.22773915921880172,0.5504799735187025,0.009825105646908866,-0.32274081429990076,1.0,0.038461538461538464,25,397.3675880088863,ok,GSM9226179,P5_LUAD,LUAD,epithelial_progenitor_like,control_MS4A7,0.75,1.0,12084,3021,3021,224,0.07414763323402847,0.19132737504137703,MS4A7,MS4A7 single-gene control,source_near_epithelial_progenitor,MS4A7,False
0.49751737835153925,0.5466137040714996,0.01092216429194228,-0.04909632571996031,1.0,0.038461538461538464,25,397.3675880088863,ok,GSM9226179,P5_LUAD,LUAD,epithelial_progenitor_like,control_PHF10,0.75,1.0,12084,3021,3021,730,0.24164184045018205,0.38265475008275407,PHF10,PHF10 single-gene control,source_near_epithelial_progenitor,PHF10,False
0.5385633896060907,0.5474213836477987,0.011378519052319519,-0.00885799404170795,0.7692307692307693,0.2692307692307692,25,397.3675880088863,ok,GSM9226179,P5_LUAD,LUAD,epithelial_progenitor_like,control_RAB1B,0.75,1.0,12084,3021,3020,779,0.2578616352201258,0.4019867549668874,RAB1B,RAB1B single-gene control,source_near_epithelial_progenitor,RAB1B,False
0.6190003310162198,0.5496722939424031,0.012280017694628437,0.06932803707381663,0.038461538461538464,1.0,25,397.3675880088863,ok,GSM9226179,P5_LUAD,LUAD,epithelial_progenitor_like,control_PRDX1,0.75,1.0,12084,3021,3021,1044,0.3455809334657398,0.4862628268785171,PRDX1,PRDX1 single-gene control,source_near_epithelial_progenitor,PRDX1,False
0.6643495531281033,0.5524925521350547,0.01057393478961585,0.11185700099304863,0.038461538461538464,1.0,25,397.3675880088863,ok,GSM9226179,P5_LUAD,LUAD,epithelial_progenitor_like,control_SPRY2,0.75,1.0,12084,3021,3021,1138,0.3766964581264482,0.5283018867924528,SPRY2,SPRY2 single-gene control,source_near_epithelial_progenitor,SPRY2,False
0.5647136709698776,0.5455809334657399,0.0073714619278941905,0.019132737504137687,0.038461538461538464,1.0,25,397.3675880088863,ok,GSM9226179,P5_LUAD,LUAD,epithelial_progenitor_like,control_BSG,0.75,1.0,12084,3021,3021,935,0.3095001655081099,0.4657398212512413,BSG,BSG single-gene control,source_near_epithelial_progenitor,BSG,False
0.20199501246882792,0.15683648022800145,0.006472688917261218,0.04515853224082647,0.038461538461538464,1.0,25,396.0467144163678,ok,GSM9226180,P6_AAH,AAH,epithelial_progenitor_like,control_MIF,0.75,1.0,11229,2807,802,281,0.10010687566797292,0.49875311720698257,MIF,MIF single-gene control,source_near_epithelial_progenitor,MIF,True
0.4036337727110794,0.34690416815105096,0.00759653055129946,0.05672960456002846,0.038461538461538464,1.0,25,396.0467144163678,ok,GSM9226180,P6_AAH,AAH,epithelial_progenitor_like,control_PRKDC,0.75,1.0,11229,2807,1921,654,0.23298895618097612,0.4960957834461218,PRKDC,PRKDC single-gene control,source_near_epithelial_progenitor,PRKDC,False
0.5824723904524404,0.47491271820448877,0.008467344285138343,0.1075596722479516,0.038461538461538464,1.0,25,396.0467144163678,ok,GSM9226180,P6_AAH,AAH,epithelial_progenitor_like,control_PHACTR2,0.75,1.0,11229,2807,2807,1006,0.3583897399358746,0.53081581759886,PHACTR2,PHACTR2 single-gene control,source_near_epithelial_progenitor,PHACTR2,False
0.507659422871393,0.44141075881724257,0.009297591616038076,0.06624866405415042,0.038461538461538464,1.0,25,396.0467144163678,ok,GSM9226180,P6_AAH,AAH,epithelial_progenitor_like,control_RMND5A,0.75,1.0,11229,2807,2540,813,0.28963306020662627,0.4889763779527559,RMND5A,RMND5A single-gene control,source_near_epithelial_progenitor,RMND5A,False
0.5671535447096544,0.47599572497328113,0.008634567265697859,0.09115781973637327,0.038461538461538464,1.0,25,396.0467144163678,ok,GSM9226180,P6_AAH,AAH,epithelial_progenitor_like,control_CKB,0.75,1.0,11229,2807,2807,1010,0.3598147488421803,0.5158532240826506,CKB,CKB single-gene control,source_near_epithelial_progenitor,CKB,False
0.4079087994299964,0.3488279301745636,0.01187211101849076,0.05908086925543282,0.038461538461538464,1.0,25,396.0467144163678,ok,GSM9226180,P6_AAH,AAH,epithelial_progenitor_like,control_KIF13B,0.75,1.0,11229,2807,1936,652,0.2322764517278233,0.5,KIF13B,KIF13B single-gene control,source_near_epithelial_progenitor,KIF13B,False
0.5468471677947987,0.4776059850374065,0.010209221691001854,0.06924118275739222,0.038461538461538464,1.0,25,396.0467144163678,ok,GSM9226180,P6_AAH,AAH,epithelial_progenitor_like,control_NR2F2,0.75,1.0,11229,2807,2807,946,0.33701460634128966,0.490559315995725,NR2F2,NR2F2 single-gene control,source_near_epithelial_progenitor,NR2F2,False
0.5475596722479515,0.4768222301389384,0.009612804733125542,0.07073744210901317,0.038461538461538464,1.0,25,396.0467144163678,ok,GSM9226180,P6_AAH,AAH,epithelial_progenitor_like,control_LIFR,0.75,1.0,11229,2807,2807,936,0.33345208407552546,0.5012468827930174,LIFR,LIFR single-gene control,source_near_epithelial_progenitor,LIFR,False
0.566797292483078,0.477221232632704,0.008538343522994008,0.08957605985037398,0.038461538461538464,1.0,25,396.0467144163678,ok,GSM9226180,P6_AAH,AAH,epithelial_progenitor_like,control_CITED2,0.75,1.0,11229,2807,2807,973,0.34663341645885287,0.5140719629497684,CITED2,CITED2 single-gene control,source_near_epithelial_progenitor,CITED2,False
0.535090844317777,0.4696259351620947,0.007765889982488131,0.06546490915568226,0.038461538461538464,1.0,25,396.0467144163678,ok,GSM9226180,P6_AAH,AAH,epithelial_progenitor_like,control_DDX46,0.75,1.0,11229,2807,2763,926,0.3298895618097613,0.4958378574013753,DDX46,DDX46 single-gene control,source_near_epithelial_progenitor,DDX46,False
0.5251157819736373,0.46812967581047377,0.009642136146880868,0.05698610616316352,0.038461538461538464,1.0,25,396.0467144163678,ok,GSM9226180,P6_AAH,AAH,epithelial_progenitor_like,control_PPM1A,0.75,1.0,11229,2807,2756,880,0.3135019593872462,0.47641509433962265,PPM1A,PPM1A single-gene control,source_near_epithelial_progenitor,PPM1A,False
0.38154613466334164,0.33231207695048093,0.011283039138084852,0.04923405771286071,0.038461538461538464,1.0,25,396.0467144163678,ok,GSM9226180,P6_AAH,AAH,epithelial_progenitor_like,control_UXT,0.75,1.0,11229,2807,1828,611,0.21767011043819023,0.4934354485776805,UXT,UXT single-gene control,source_near_epithelial_progenitor,UXT,False
0.5468471677947987,0.4755682223013894,0.009898919697721414,0.0712789454934093,0.038461538461538464,1.0,25,396.0467144163678,ok,GSM9226180,P6_AAH,AAH,epithelial_progenitor_like,control_SETD3,0.75,1.0,11229,2807,2807,907,0.3231207695048094,0.49234057712860707,SETD3,SETD3 single-gene control,source_near_epithelial_progenitor,SETD3,False
0.5097969362308514,0.4378482365514785,0.008287159887858437,0.07194869967937295,0.038461538461538464,1.0,25,396.0467144163678,ok,GSM9226180,P6_AAH,AAH,epithelial_progenitor_like,control_TRIM27,0.75,1.0,11229,2807,2551,827,0.2946205913786961,0.4896119168953352,TRIM27,TRIM27 single-gene control,source_near_epithelial_progenitor,TRIM27,False
0.5397221232632704,0.47335945849661565,0.009712104789858046,0.06636266476665476,0.038461538461538464,1.0,25,396.0467144163678,ok,GSM9226180,P6_AAH,AAH,epithelial_progenitor_like,control_DERL1,0.75,1.0,11229,2807,2807,905,0.3224082650516566,0.4902030637691486,DERL1,DERL1 single-gene control,source_near_epithelial_progenitor,DERL1,False
0.49732810830067686,0.47402921268257925,0.010080007603224908,0.023298895618097615,0.038461538461538464,1.0,25,396.0467144163678,ok,GSM9226180,P6_AAH,AAH,epithelial_progenitor_like,control_MS4A7,0.75,1.0,11229,2807,2807,826,0.2942643391521197,0.4574278589241183,MS4A7,MS4A7 single-gene control,source_near_epithelial_progenitor,MS4A7,False
0.4538653366583541,0.3913644460277876,0.008009127938780142,0.06250089063056652,0.038461538461538464,1.0,25,396.0467144163678,ok,GSM9226180,P6_AAH,AAH,epithelial_progenitor_like,control_PHF10,0.75,1.0,11229,2807,2229,746,0.2657641610260064,0.48811126065500227,PHF10,PHF10 single-gene control,source_near_epithelial_progenitor,PHF10,False
0.5415033843961524,0.47432846455290345,0.010534107864208123,0.06717491984324897,0.038461538461538464,1.0,25,396.0467144163678,ok,GSM9226180,P6_AAH,AAH,epithelial_progenitor_like,control_RAB1B,0.75,1.0,11229,2807,2807,910,0.32418952618453867,0.482009262557891,RAB1B,RAB1B single-gene control,source_near_epithelial_progenitor,RAB1B,False
0.15390096188101177,0.1113501959387246,0.0035477666154367887,0.04255076594228717,0.038461538461538464,1.0,25,396.0467144163678,ok,GSM9226180,P6_AAH,AAH,epithelial_progenitor_like,control_PRDX1,0.75,1.0,11229,2807,573,228,0.08122550765942287,0.537521815008726,PRDX1,PRDX1 single-gene control,source_near_epithelial_progenitor,PRDX1,False
0.3940149625935162,0.31730673316708224,0.008128824424025,0.07670822942643396,0.038461538461538464,1.0,25,396.0467144163678,ok,GSM9226180,P6_AAH,AAH,epithelial_progenitor_like,control_SPRY2,0.75,1.0,11229,2807,1751,604,0.21517634485215534,0.5065676756139349,SPRY2,SPRY2 single-gene control,source_near_epithelial_progenitor,SPRY2,False
0.5429283933024581,0.4757677235482722,0.010462600841464014,0.06716066975418594,0.038461538461538464,1.0,25,396.0467144163678,ok,GSM9226180,P6_AAH,AAH,epithelial_progenitor_like,control_BSG,0.75,1.0,11229,2807,2807,947,0.337370858567866,0.5080156750979694,BSG,BSG single-gene control,source_near_epithelial_progenitor,BSG,False
0.6059365404298874,0.44717843739338115,0.010833810098460303,0.15875810303650628,0.038461538461538464,1.0,25,395.6475704462243,ok,GSM9226181,P6_LUAD,LUAD,epithelial_progenitor_like,control_MIF,0.75,1.0,11724,2931,2931,1198,0.408734220402593,0.4564994882292733,MIF,MIF single-gene control,source_near_epithelial_progenitor,MIF,True
0.3565336062777209,0.4511088365745479,0.01223501949985746,-0.09457523029682702,1.0,0.038461538461538464,25,395.6475704462243,ok,GSM9226181,P6_LUAD,LUAD,epithelial_progenitor_like,control_PRKDC,0.75,1.0,11724,2931,2931,550,0.18764926646195837,0.24564994882292732,PRKDC,PRKDC single-gene control,source_near_epithelial_progenitor,PRKDC,False
0.28556806550665303,0.44933469805527126,0.010872814136062595,-0.16376663254861823,1.0,0.038461538461538464,25,395.6475704462243,ok,GSM9226181,P6_LUAD,LUAD,epithelial_progenitor_like,control_PHACTR2,0.75,1.0,11724,2931,2931,444,0.15148413510747186,0.20266120777891505,PHACTR2,PHACTR2 single-gene control,source_near_epithelial_progenitor,PHACTR2,False
0.44080518594336404,0.4463459570112589,0.00778963190423169,-0.005540771067894856,0.7692307692307693,0.2692307692307692,25,395.6475704462243,ok,GSM9226181,P6_LUAD,LUAD,epithelial_progenitor_like,control_RMND5A,0.75,1.0,11724,2931,2931,759,0.25895598771750256,0.31490958717161377,RMND5A,RMND5A single-gene control,source_near_epithelial_progenitor,RMND5A,False
0.3623336745138178,0.4516820197884681,0.010067387638196292,-0.0893483452746503,1.0,0.038461538461538464,25,395.6475704462243,ok,GSM9226181,P6_LUAD,LUAD,epithelial_progenitor_like,control_CKB,0.75,1.0,11724,2931,2931,701,0.23916751961787786,0.2913681337427499,CKB,CKB single-gene control,source_near_epithelial_progenitor,CKB,False
0.45752302968270214,0.4504674172637326,0.009038986552563388,0.00705561241896957,0.2692307692307692,0.7692307692307693,25,395.6475704462243,ok,GSM9226181,P6_LUAD,LUAD,epithelial_progenitor_like,control_KIF13B,0.75,1.0,11724,2931,2931,779,0.26577959740702833,0.33162743091095187,KIF13B,KIF13B single-gene control,source_near_epithelial_progenitor,KIF13B,False
0.11600136472193791,0.4524462640736949,0.009497715466450703,-0.33644489935175703,1.0,0.038461538461538464,25,395.6475704462243,ok,GSM9226181,P6_LUAD,LUAD,epithelial_progenitor_like,control_NR2F2,0.75,1.0,11724,2931,2931,128,0.04367110201296486,0.08938928693278744,NR2F2,NR2F2 single-gene control,source_near_epithelial_progenitor,NR2F2,False
0.12111907198908223,0.44816103718867284,0.012456234247404305,-0.3270419651995906,1.0,0.038461538461538464,25,395.6475704462243,ok,GSM9226181,P6_LUAD,LUAD,epithelial_progenitor_like,control_LIFR,0.75,1.0,11724,2931,2931,188,0.06414193108154213,0.1023541453428864,LIFR,LIFR single-gene control,source_near_epithelial_progenitor,LIFR,False
0.33572159672466734,0.44988058683043336,0.010446940492045491,-0.11415899010576602,1.0,0.038461538461538464,25,395.6475704462243,ok,GSM9226181,P6_LUAD,LUAD,epithelial_progenitor_like,control_CITED2,0.75,1.0,11724,2931,2931,583,0.19890822244967588,0.24257932446264074,CITED2,CITED2 single-gene control,source_near_epithelial_progenitor,CITED2,False
0.4060047765267827,0.4500716479017399,0.008805761891334349,-0.04406687137495724,1.0,0.038461538461538464,25,395.6475704462243,ok,GSM9226181,P6_LUAD,LUAD,epithelial_progenitor_like,control_DDX46,0.75,1.0,11724,2931,2931,653,0.22279085636301604,0.2773797338792221,DDX46,DDX46 single-gene control,source_near_epithelial_progenitor,DDX46,False
0.3633572159672467,0.4462367792562265,0.010163571359532771,-0.08287956328897983,1.0,0.038461538461538464,25,395.6475704462243,ok,GSM9226181,P6_LUAD,LUAD,epithelial_progenitor_like,control_PPM1A,0.75,1.0,11724,2931,2930,576,0.19651995905834185,0.252901023890785,PPM1A,PPM1A single-gene control,source_near_epithelial_progenitor,PPM1A,False
0.4332992152848857,0.44967587853974755,0.010073494637628536,-0.016376663254861867,0.9615384615384616,0.07692307692307693,25,395.6475704462243,ok,GSM9226181,P6_LUAD,LUAD,epithelial_progenitor_like,control_UXT,0.75,1.0,11724,2931,2931,705,0.240532241555783,0.2995564653701808,UXT,UXT single-gene control,source_near_epithelial_progenitor,UXT,False
0.33879222108495394,0.4482429205049472,0.00847474742297797,-0.10945069941999325,1.0,0.038461538461538464,25,395.6475704462243,ok,GSM9226181,P6_LUAD,LUAD,epithelial_progenitor_like,control_SETD3,0.75,1.0,11724,2931,2931,524,0.17877857386557489,0.23302627089730468,SETD3,SETD3 single-gene control,source_near_epithelial_progenitor,SETD3,False
0.45377004435346296,0.45131354486523373,0.01283174313824052,0.0024564994882292357,0.4230769230769231,0.6538461538461539,25,395.6475704462243,ok,GSM9226181,P6_LUAD,LUAD,epithelial_progenitor_like,control_TRIM27,0.75,1.0,11724,2931,2931,766,0.2613442511088366,0.3169566700784715,TRIM27,TRIM27 single-gene control,source_near_epithelial_progenitor,TRIM27,False
0.4612760150119413,0.4504128283862163,0.008410796730137475,0.010863186625724996,0.19230769230769232,0.8461538461538461,25,395.6475704462243,ok,GSM9226181,P6_LUAD,LUAD,epithelial_progenitor_like,control_DERL1,0.75,1.0,11724,2931,2931,782,0.2668031388604572,0.325827362674855,DERL1,DERL1 single-gene control,source_near_epithelial_progenitor,DERL1,False
0.20880245649948823,0.4498123507335379,0.010327873838833226,-0.2410098942340497,1.0,0.038461538461538464,25,395.6475704462243,ok,GSM9226181,P6_LUAD,LUAD,epithelial_progenitor_like,control_MS4A7,0.75,1.0,11724,2931,2930,349,0.1190719890822245,0.17337883959044367,MS4A7,MS4A7 single-gene control,source_near_epithelial_progenitor,MS4A7,False
0.3196861139542818,0.4512726032070965,0.009715020687547414,-0.1315864892528147,1.0,0.038461538461538464,25,395.6475704462243,ok,GSM9226181,P6_LUAD,LUAD,epithelial_progenitor_like,control_PHF10,0.75,1.0,11724,2931,2931,528,0.18014329580348004,0.23132036847492324,PHF10,PHF10 single-gene control,source_near_epithelial_progenitor,PHF10,False
0.48379392698737633,0.4525690890481065,0.009984567844249422,0.031224837939269834,0.038461538461538464,1.0,25,395.6475704462243,ok,GSM9226181,P6_LUAD,LUAD,epithelial_progenitor_like,control_RAB1B,0.75,1.0,11724,2931,2931,843,0.28761514841351077,0.3292391675196179,RAB1B,RAB1B single-gene control,source_near_epithelial_progenitor,RAB1B,False
0.5738655748891164,0.45102695325827363,0.008822710075096584,0.12283862163084275,0.038461538461538464,1.0,25,395.6475704462243,ok,GSM9226181,P6_LUAD,LUAD,epithelial_progenitor_like,control_PRDX1,0.75,1.0,11724,2931,2931,1067,0.36403957693619926,0.42715796656431254,PRDX1,PRDX1 single-gene control,source_near_epithelial_progenitor,PRDX1,False
0.4002047082906858,0.45024906175366775,0.01248021237017304,-0.05004435346298197,1.0,0.038461538461538464,25,395.6475704462243,ok,GSM9226181,P6_LUAD,LUAD,epithelial_progenitor_like,control_SPRY2,0.75,1.0,11724,2931,2931,691,0.23575571477311497,0.2944387581030365,SPRY2,SPRY2 single-gene control,source_near_epithelial_progenitor,SPRY2,False
0.6120777891504606,0.4510542476970318,0.00850815020882707,0.16102354145342884,0.038461538461538464,1.0,25,395.6475704462243,ok,GSM9226181,P6_LUAD,LUAD,epithelial_progenitor_like,control_BSG,0.75,1.0,11724,2931,2931,1192,0.40668713749573526,0.4551347662913681,BSG,BSG single-gene control,source_near_epithelial_progenitor,BSG,False
0.61310223266745,0.42146886016451235,0.008143333904159215,0.19163337250293766,0.038461538461538464,1.0,25,395.32391781929914,ok,GSM9226182,P7_LUAD1,LUAD,epithelial_progenitor_like,control_MIF,0.75,1.0,13616,3404,3404,1514,0.44477085781433606,0.4908930669800235,MIF,MIF single-gene control,source_near_epithelial_progenitor,MIF,True
0.545828437132785,0.4202585193889542,0.01139892272078232,0.12556991774383075,0.038461538461538464,1.0,25,395.32391781929914,ok,GSM9226182,P7_LUAD1,LUAD,epithelial_progenitor_like,control_PRKDC,0.75,1.0,13616,3404,3404,1263,0.3710340775558167,0.42567567567567566,PRKDC,PRKDC single-gene control,source_near_epithelial_progenitor,PRKDC,False
0.36133960047003527,0.41936545240893075,0.012021679005200136,-0.05802585193889548,1.0,0.038461538461538464,25,395.32391781929914,ok,GSM9226182,P7_LUAD1,LUAD,epithelial_progenitor_like,control_PHACTR2,0.75,1.0,13616,3404,3404,859,0.25235017626321976,0.2978848413631022,PHACTR2,PHACTR2 single-gene control,source_near_epithelial_progenitor,PHACTR2,False
0.491186839012926,0.42291421856639244,0.01283579852597866,0.06827262044653354,0.038461538461538464,1.0,25,395.32391781929914,ok,GSM9226182,P7_LUAD1,LUAD,epithelial_progenitor_like,control_RMND5A,0.75,1.0,13616,3404,3404,1124,0.3301997649823737,0.3816098707403055,RMND5A,RMND5A single-gene control,source_near_epithelial_progenitor,RMND5A,False
0.42244418331374856,0.42178613396004705,0.008332585349034438,0.0006580493537015064,0.5384615384615384,0.5,25,395.32391781929914,ok,GSM9226182,P7_LUAD1,LUAD,epithelial_progenitor_like,control_CKB,0.75,1.0,13616,3404,3404,997,0.2928907168037603,0.3387191539365452,CKB,CKB single-gene control,source_near_epithelial_progenitor,CKB,False
0.6151586368977673,0.4195887191539366,0.009664578996056217,0.1955699177438307,0.038461538461538464,1.0,25,395.32391781929914,ok,GSM9226182,P7_LUAD1,LUAD,epithelial_progenitor_like,control_KIF13B,0.75,1.0,13616,3404,3404,1500,0.4406580493537015,0.48678025851938894,KIF13B,KIF13B single-gene control,source_near_epithelial_progenitor,KIF13B,False
0.37602820211515864,0.41909518213866037,0.010088549646055253,-0.04306698002350173,1.0,0.038461538461538464,25,395.32391781929914,ok,GSM9226182,P7_LUAD1,LUAD,epithelial_progenitor_like,control_NR2F2,0.75,1.0,13616,3404,3404,861,0.2529377203290247,0.2978848413631022,NR2F2,NR2F2 single-gene control,source_near_epithelial_progenitor,NR2F2,False
0.25146886016451236,0.4179905992949471,0.00946994550575572,-0.16652173913043472,1.0,0.038461538461538464,25,395.32391781929914,ok,GSM9226182,P7_LUAD1,LUAD,epithelial_progenitor_like,control_LIFR,0.75,1.0,13616,3404,3404,621,0.18243243243243243,0.22708578143360753,LIFR,LIFR single-gene control,source_near_epithelial_progenitor,LIFR,False
0.6098707403055229,0.4195887191539366,0.007655246744617426,0.19028202115158632,0.038461538461538464,1.0,25,395.32391781929914,ok,GSM9226182,P7_LUAD1,LUAD,epithelial_progenitor_like,control_CITED2,0.75,1.0,13616,3404,3404,1491,0.4380141010575793,0.5017626321974148,CITED2,CITED2 single-gene control,source_near_epithelial_progenitor,CITED2,False
0.5966509988249119,0.4189424206815511,0.008011650428862843,0.17770857814336083,0.038461538461538464,1.0,25,395.32391781929914,ok,GSM9226182,P7_LUAD1,LUAD,epithelial_progenitor_like,control_DDX46,0.75,1.0,13616,3404,3404,1469,0.431551116333725,0.4809048178613396,DDX46,DDX46 single-gene control,source_near_epithelial_progenitor,DDX46,False
0.5337837837837838,0.4155699177438308,0.010679330628257072,0.11821386603995299,0.038461538461538464,1.0,25,395.32391781929914,ok,GSM9226182,P7_LUAD1,LUAD,epithelial_progenitor_like,control_PPM1A,0.75,1.0,13616,3404,3404,1267,0.37220916568742657,0.418331374853114,PPM1A,PPM1A single-gene control,source_near_epithelial_progenitor,PPM1A,False
0.5575793184488836,0.42294947121034077,0.007035477307843074,0.13462984723854288,0.038461538461538464,1.0,25,395.32391781929914,ok,GSM9226182,P7_LUAD1,LUAD,epithelial_progenitor_like,control_UXT,0.75,1.0,13616,3404,3404,1335,0.39218566392479437,0.4482961222091657,UXT,UXT single-gene control,source_near_epithelial_progenitor,UXT,False
0.4803172737955347,0.4220446533490012,0.008238232449970176,0.058272620446533474,0.038461538461538464,1.0,25,395.32391781929914,ok,GSM9226182,P7_LUAD1,LUAD,epithelial_progenitor_like,control_SETD3,0.75,1.0,13616,3404,3404,1081,0.31756756756756754,0.3736780258519389,SETD3,SETD3 single-gene control,source_near_epithelial_progenitor,SETD3,False
0.6283783783783784,0.42310223266745,0.007926076154400311,0.2052761457109284,0.038461538461538464,1.0,25,395.32391781929914,ok,GSM9226182,P7_LUAD1,LUAD,epithelial_progenitor_like,control_TRIM27,0.75,1.0,13616,3404,3404,1530,0.4494712103407756,0.5088131609870741,TRIM27,TRIM27 single-gene control,source_near_epithelial_progenitor,TRIM27,False
0.5951821386603995,0.41789659224441833,0.008859601496323385,0.17728554641598115,0.038461538461538464,1.0,25,395.32391781929914,ok,GSM9226182,P7_LUAD1,LUAD,epithelial_progenitor_like,control_DERL1,0.75,1.0,13616,3404,3404,1372,0.40305522914218567,0.4694477085781434,DERL1,DERL1 single-gene control,source_near_epithelial_progenitor,DERL1,False
0.5505287896592245,0.41814336075205644,0.006282922368841834,0.13238542890716803,0.038461538461538464,1.0,25,395.32391781929914,ok,GSM9226182,P7_LUAD1,LUAD,epithelial_progenitor_like,control_MS4A7,0.75,1.0,13616,3404,3404,1339,0.39336075205640425,0.49500587544065805,MS4A7,MS4A7 single-gene control,source_near_epithelial_progenitor,MS4A7,False
0.5243830787309048,0.4184018801410106,0.008500915313804371,0.10598119858989424,0.038461538461538464,1.0,25,395.32391781929914,ok,GSM9226182,P7_LUAD1,LUAD,epithelial_progenitor_like,control_PHF10,0.75,1.0,13616,3404,3404,1267,0.37220916568742657,0.4195064629847238,PHF10,PHF10 single-gene control,source_near_epithelial_progenitor,PHF10,False
0.5752056404230317,0.4201762632197415,0.009883118765507959,0.1550293772032902,0.038461538461538464,1.0,25,395.32391781929914,ok,GSM9226182,P7_LUAD1,LUAD,epithelial_progenitor_like,control_RAB1B,0.75,1.0,13616,3404,3404,1347,0.39571092831962396,0.449764982373678,RAB1B,RAB1B single-gene control,source_near_epithelial_progenitor,RAB1B,False
0.5699177438307873,0.42011750881316096,0.009987860295189928,0.14980023501762635,0.038461538461538464,1.0,25,395.32391781929914,ok,GSM9226182,P7_LUAD1,LUAD,epithelial_progenitor_like,control_PRDX1,0.75,1.0,13616,3404,3404,1349,0.3962984723854289,0.4606345475910693,PRDX1,PRDX1 single-gene control,source_near_epithelial_progenitor,PRDX1,False
0.6257344300822562,0.42209165687426553,0.008737763394517907,0.20364277320799062,0.038461538461538464,1.0,25,395.32391781929914,ok,GSM9226182,P7_LUAD1,LUAD,epithelial_progenitor_like,control_SPRY2,0.75,1.0,13616,3404,3404,1530,0.4494712103407756,0.4991186839012926,SPRY2,SPRY2 single-gene control,source_near_epithelial_progenitor,SPRY2,False
0.6248531139835488,0.4181433607520564,0.0071638023421201225,0.20670975323149243,0.038461538461538464,1.0,25,395.32391781929914,ok,GSM9226182,P7_LUAD1,LUAD,epithelial_progenitor_like,control_BSG,0.75,1.0,13616,3404,3404,1527,0.44858989424206813,0.5161574618096357,BSG,BSG single-gene control,source_near_epithelial_progenitor,BSG,False
0.7742428877332518,0.40947078617314164,0.011355960417491545,0.36477210156011014,0.038461538461538464,1.0,25,395.47945585074325,ok,GSM9226183,P7_LUAD2,LUAD,epithelial_progenitor_like,control_MIF,0.75,1.0,13074,3269,3269,2211,0.676353624961762,0.7464056286326094,MIF,MIF single-gene control,source_near_epithelial_progenitor,MIF,True
0.6983787090853472,0.4102049556439277,0.007800790548077127,0.28817375344141943,0.038461538461538464,1.0,25,395.47945585074325,ok,GSM9226183,P7_LUAD2,LUAD,epithelial_progenitor_like,control_PRKDC,0.75,1.0,13074,3269,3269,1829,0.5594983175282962,0.6267971856836954,PRKDC,PRKDC single-gene control,source_near_epithelial_progenitor,PRKDC,False
0.5757112266748241,0.4075374732334047,0.009941988061295964,0.16817375344141938,0.038461538461538464,1.0,25,395.47945585074325,ok,GSM9226183,P7_LUAD2,LUAD,epithelial_progenitor_like,control_PHACTR2,0.75,1.0,13074,3269,3269,1422,0.4349954114408076,0.4915876414805751,PHACTR2,PHACTR2 single-gene control,source_near_epithelial_progenitor,PHACTR2,False
0.6567757724074641,0.4065952890792291,0.008997633011567146,0.250180483328235,0.038461538461538464,1.0,25,395.47945585074325,ok,GSM9226183,P7_LUAD2,LUAD,epithelial_progenitor_like,control_RMND5A,0.75,1.0,13074,3269,3269,1650,0.504741511165494,0.5723462832670542,RMND5A,RMND5A single-gene control,source_near_epithelial_progenitor,RMND5A,False
0.6454573263995106,0.4055919241358214,0.008218859721181589,0.2398654022636892,0.038461538461538464,1.0,25,395.47945585074325,ok,GSM9226183,P7_LUAD2,LUAD,epithelial_progenitor_like,control_CKB,0.75,1.0,13074,3269,3269,1622,0.4961762006729887,0.5594983175282962,CKB,CKB single-gene control,source_near_epithelial_progenitor,CKB,False
0.7256041602936678,0.40783114102171925,0.010815698241354591,0.31777301927194856,0.038461538461538464,1.0,25,395.47945585074325,ok,GSM9226183,P7_LUAD2,LUAD,epithelial_progenitor_like,control_KIF13B,0.75,1.0,13074,3269,3269,1913,0.5851942490058122,0.647292750076476,KIF13B,KIF13B single-gene control,source_near_epithelial_progenitor,KIF13B,False
0.4900581217497706,0.4071703884980116,0.006930530531571589,0.08288773325175897,0.038461538461538464,1.0,25,395.47945585074325,ok,GSM9226183,P7_LUAD2,LUAD,epithelial_progenitor_like,control_NR2F2,0.75,1.0,13074,3269,3269,1156,0.35362496176200675,0.4242887733251759,NR2F2,NR2F2 single-gene control,source_near_epithelial_progenitor,NR2F2,False
0.42153563780972775,0.4064362190272255,0.007459646121926261,0.01509941878250226,0.038461538461538464,1.0,25,395.47945585074325,ok,GSM9226183,P7_LUAD2,LUAD,epithelial_progenitor_like,control_LIFR,0.75,1.0,13074,3269,3269,1049,0.32089323952278986,0.3762618537779137,LIFR,LIFR single-gene control,source_near_epithelial_progenitor,LIFR,False
0.6907311104313245,0.40635056592230034,0.008142390780838268,0.28438054450902417,0.038461538461538464,1.0,25,395.47945585074325,ok,GSM9226183,P7_LUAD2,LUAD,epithelial_progenitor_like,control_CITED2,0.75,1.0,13074,3269,3269,1822,0.5573569899051698,0.6194554909758336,CITED2,CITED2 single-gene control,source_near_epithelial_progenitor,CITED2,False
0.6668706026307739,0.407182624655858,0.011093296362122118,0.2596879779749159,0.038461538461538464,1.0,25,395.47945585074325,ok,GSM9226183,P7_LUAD2,LUAD,epithelial_progenitor_like,control_DDX46,0.75,1.0,13074,3269,3269,1699,0.5197308045273784,0.5897828081982257,DDX46,DDX46 single-gene control,source_near_epithelial_progenitor,DDX46,False
0.6390333435301315,0.4075497093912512,0.008185679421724932,0.23148363413888035,0.038461538461538464,1.0,25,395.47945585074325,ok,GSM9226183,P7_LUAD2,LUAD,epithelial_progenitor_like,control_PPM1A,0.75,1.0,13074,3269,3269,1570,0.4802691954726216,0.5487916794126644,PPM1A,PPM1A single-gene control,source_near_epithelial_progenitor,PPM1A,False
0.7161211379626797,0.4078066687060263,0.009387696541502457,0.30831446925665346,0.038461538461538464,1.0,25,395.47945585074325,ok,GSM9226183,P7_LUAD2,LUAD,epithelial_progenitor_like,control_UXT,0.75,1.0,13074,3269,3269,1922,0.5879473845212603,0.6579993881921077,UXT,UXT single-gene control,source_near_epithelial_progenitor,UXT,False
0.5521566228204344,0.40824717038849806,0.007584670228317991,0.14390945243193637,0.038461538461538464,1.0,25,395.47945585074325,ok,GSM9226183,P7_LUAD2,LUAD,epithelial_progenitor_like,control_SETD3,0.75,1.0,13074,3269,3269,1309,0.4004282655246253,0.4741511165494035,SETD3,SETD3 single-gene control,source_near_epithelial_progenitor,SETD3,False
0.712144386662588,0.40836953196696235,0.008704602365708506,0.3037748546956256,0.038461538461538464,1.0,25,395.47945585074325,ok,GSM9226183,P7_LUAD2,LUAD,epithelial_progenitor_like,control_TRIM27,0.75,1.0,13074,3269,3269,1860,0.5689813398592842,0.6423982869379015,TRIM27,TRIM27 single-gene control,source_near_epithelial_progenitor,TRIM27,False
0.663199755276843,0.4105842765371674,0.01153241648586376,0.25261547873967566,0.038461538461538464,1.0,25,395.47945585074325,ok,GSM9226183,P7_LUAD2,LUAD,epithelial_progenitor_like,control_DERL1,0.75,1.0,13074,3269,3269,1672,0.5114713979810339,0.5885591924135821,DERL1,DERL1 single-gene control,source_near_epithelial_progenitor,DERL1,False
0.42061792597124503,0.4028754970939124,0.010525940981392019,0.017742428877332628,0.11538461538461539,0.9230769230769231,25,395.47945585074325,ok,GSM9226183,P7_LUAD2,LUAD,epithelial_progenitor_like,control_MS4A7,0.75,1.0,13074,3269,3269,889,0.27194860813704497,0.34873049862343225,MS4A7,MS4A7 single-gene control,source_near_epithelial_progenitor,MS4A7,False
0.6778831446925665,0.40407464056286324,0.008343909815775086,0.27380850412970326,0.038461538461538464,1.0,25,395.47945585074325,ok,GSM9226183,P7_LUAD2,LUAD,epithelial_progenitor_like,control_PHF10,0.75,1.0,13074,3269,3269,1782,0.5451208320587335,0.6127256041602936,PHF10,PHF10 single-gene control,source_near_epithelial_progenitor,PHF10,False
0.7044967880085653,0.40945855001529524,0.008211170797376419,0.29503823799327006,0.038461538461538464,1.0,25,395.47945585074325,ok,GSM9226183,P7_LUAD2,LUAD,epithelial_progenitor_like,control_RAB1B,0.75,1.0,13074,3269,3269,1850,0.5659223003976751,0.6326093606607526,RAB1B,RAB1B single-gene control,source_near_epithelial_progenitor,RAB1B,False
0.7558886509635975,0.40420923829917405,0.010896823561616994,0.35167941266442343,0.038461538461538464,1.0,25,395.47945585074325,ok,GSM9226183,P7_LUAD2,LUAD,epithelial_progenitor_like,control_PRDX1,0.75,1.0,13074,3269,3269,2153,0.6586111960844295,0.7298868155399205,PRDX1,PRDX1 single-gene control,source_near_epithelial_progenitor,PRDX1,False
0.7051085959008871,0.41011930253900275,0.007712946056171935,0.2949892933618844,0.038461538461538464,1.0,25,395.47945585074325,ok,GSM9226183,P7_LUAD2,LUAD,epithelial_progenitor_like,control_SPRY2,0.75,1.0,13074,3269,3269,1873,0.5729580911593759,0.631079840929948,SPRY2,SPRY2 single-gene control,source_near_epithelial_progenitor,SPRY2,False
0.806056898133986,0.40926277148975215,0.008489096311611582,0.3967941266442338,0.038461538461538464,1.0,25,395.47945585074325,ok,GSM9226183,P7_LUAD2,LUAD,epithelial_progenitor_like,control_BSG,0.75,1.0,13074,3269,3269,2262,0.6919547262159682,0.7653716732945856,BSG,BSG single-gene control,source_near_epithelial_progenitor,BSG,False
0.4306969459671104,0.3231636648394675,0.014786841349315166,0.10753328112764288,0.038461538461538464,1.0,25,396.7883566840136,ok,GSM9226184,P8_AIS,AIS,epithelial_progenitor_like,control_MIF,0.75,1.0,5108,1277,877,353,0.2764291307752545,0.4846066134549601,MIF,MIF single-gene control,source_near_epithelial_progenitor,MIF,True
0.41268598277212215,0.31761942051683634,0.010292434947607608,0.09506656225528581,0.038461538461538464,1.0,25,396.7883566840136,ok,GSM9226184,P8_AIS,AIS,epithelial_progenitor_like,control_PRKDC,0.75,1.0,5108,1277,868,335,0.26233359436178544,0.47580645161290325,PRKDC,PRKDC single-gene control,source_near_epithelial_progenitor,PRKDC,False
0.5184025058731402,0.4448238057948316,0.01540092200366106,0.07357870007830858,0.038461538461538464,1.0,25,396.7883566840136,ok,GSM9226184,P8_AIS,AIS,epithelial_progenitor_like,control_PHACTR2,0.75,1.0,5108,1277,1277,424,0.33202819107282694,0.4346123727486296,PHACTR2,PHACTR2 single-gene control,source_near_epithelial_progenitor,PHACTR2,False
0.41268598277212215,0.3148629600626468,0.014040904598497932,0.09782302270947535,0.038461538461538464,1.0,25,396.7883566840136,ok,GSM9226184,P8_AIS,AIS,epithelial_progenitor_like,control_RMND5A,0.75,1.0,5108,1277,852,312,0.24432263116679717,0.4765258215962441,RMND5A,RMND5A single-gene control,source_near_epithelial_progenitor,RMND5A,False
0.5591229444009397,0.44617071260767427,0.013102120275420572,0.11295223179326541,0.038461538461538464,1.0,25,396.7883566840136,ok,GSM9226184,P8_AIS,AIS,epithelial_progenitor_like,control_CKB,0.75,1.0,5108,1277,1277,508,0.39780736100234926,0.49490994518402504,CKB,CKB single-gene control,source_near_epithelial_progenitor,CKB,False
0.379796397807361,0.283884103367267,0.010175389946634068,0.09591229444009403,0.038461538461538464,1.0,25,396.7883566840136,ok,GSM9226184,P8_AIS,AIS,epithelial_progenitor_like,control_KIF13B,0.75,1.0,5108,1277,765,311,0.24353954581049334,0.4993464052287582,KIF13B,KIF13B single-gene control,source_near_epithelial_progenitor,KIF13B,False
0.4463586530931872,0.3825215348472984,0.016387390338303904,0.06383711824588878,0.038461538461538464,1.0,25,396.7883566840136,ok,GSM9226184,P8_AIS,AIS,epithelial_progenitor_like,control_NR2F2,0.75,1.0,5108,1277,1070,343,0.26859827721221613,0.41869158878504675,NR2F2,NR2F2 single-gene control,source_near_epithelial_progenitor,NR2F2,False
0.572435395458105,0.4397494126859827,0.012737840776457524,0.13268598277212224,0.038461538461538464,1.0,25,396.7883566840136,ok,GSM9226184,P8_AIS,AIS,epithelial_progenitor_like,control_LIFR,0.75,1.0,5108,1277,1277,533,0.41738449490994517,0.514487079091621,LIFR,LIFR single-gene control,source_near_epithelial_progenitor,LIFR,False
0.5559906029757243,0.44610806577917006,0.01255934809936027,0.10988253719655428,0.038461538461538464,1.0,25,396.7883566840136,ok,GSM9226184,P8_AIS,AIS,epithelial_progenitor_like,control_CITED2,0.75,1.0,5108,1277,1277,490,0.3837118245888802,0.47768206734534063,CITED2,CITED2 single-gene control,source_near_epithelial_progenitor,CITED2,False
0.4792482380579483,0.3562725137039937,0.013135619825984206,0.1229757243539546,0.038461538461538464,1.0,25,396.7883566840136,ok,GSM9226184,P8_AIS,AIS,epithelial_progenitor_like,control_DDX46,0.75,1.0,5108,1277,992,420,0.3288958496476116,0.5191532258064516,DDX46,DDX46 single-gene control,source_near_epithelial_progenitor,DDX46,False
0.4894283476898982,0.3963664839467502,0.014941479280133665,0.09306186374314795,0.038461538461538464,1.0,25,396.7883566840136,ok,GSM9226184,P8_AIS,AIS,epithelial_progenitor_like,control_PPM1A,0.75,1.0,5108,1277,1093,429,0.3359436178543461,0.4830741079597438,PPM1A,PPM1A single-gene control,source_near_epithelial_progenitor,PPM1A,False
0.3633516053249804,0.26960062646828503,0.014100103671435766,0.09375097885669537,0.038461538461538464,1.0,25,396.7883566840136,ok,GSM9226184,P8_AIS,AIS,epithelial_progenitor_like,control_UXT,0.75,1.0,5108,1277,722,286,0.22396241190289742,0.48614958448753465,UXT,UXT single-gene control,source_near_epithelial_progenitor,UXT,False
0.48472983555207516,0.38214565387627253,0.014120891375472708,0.10258418167580263,0.038461538461538464,1.0,25,396.7883566840136,ok,GSM9226184,P8_AIS,AIS,epithelial_progenitor_like,control_SETD3,0.75,1.0,5108,1277,1077,381,0.2983555207517619,0.46518105849582175,SETD3,SETD3 single-gene control,source_near_epithelial_progenitor,SETD3,False
0.45262333594361787,0.3484416601409553,0.014645789824325744,0.10418167580266258,0.038461538461538464,1.0,25,396.7883566840136,ok,GSM9226184,P8_AIS,AIS,epithelial_progenitor_like,control_TRIM27,0.75,1.0,5108,1277,963,406,0.3179326546593579,0.5046728971962616,TRIM27,TRIM27 single-gene control,source_near_epithelial_progenitor,TRIM27,False
0.3860610806577917,0.33074393108848865,0.016351114768893293,0.05531714956930306,0.038461538461538464,1.0,25,396.7883566840136,ok,GSM9226184,P8_AIS,AIS,epithelial_progenitor_like,control_DERL1,0.75,1.0,5108,1277,912,319,0.24980422866092403,0.4407894736842105,DERL1,DERL1 single-gene control,source_near_epithelial_progenitor,DERL1,False
0.40172278778386844,0.4272513703993735,0.016525389497618816,-0.025528582615505058,0.9615384615384616,0.07692307692307693,25,396.7883566840136,ok,GSM9226184,P8_AIS,AIS,epithelial_progenitor_like,control_MS4A7,0.75,1.0,5108,1277,1212,296,0.2317932654659358,0.35066006600660066,MS4A7,MS4A7 single-gene control,source_near_epithelial_progenitor,MS4A7,False
0.4573218480814409,0.3844635865309318,0.012953456391231775,0.07285826155050906,0.038461538461538464,1.0,25,396.7883566840136,ok,GSM9226184,P8_AIS,AIS,epithelial_progenitor_like,control_PHF10,0.75,1.0,5108,1277,1055,362,0.283476898981989,0.45402843601895737,PHF10,PHF10 single-gene control,source_near_epithelial_progenitor,PHF10,False
0.5043069694596711,0.41719655442443226,0.01573215687326752,0.08711041503523886,0.038461538461538464,1.0,25,396.7883566840136,ok,GSM9226184,P8_AIS,AIS,epithelial_progenitor_like,control_RAB1B,0.75,1.0,5108,1277,1176,415,0.3249804228660924,0.4583333333333333,RAB1B,RAB1B single-gene control,source_near_epithelial_progenitor,RAB1B,False
0.3594361785434612,0.25985904463586534,0.012581625546445615,0.09957713390759587,0.038461538461538464,1.0,25,396.7883566840136,ok,GSM9226184,P8_AIS,AIS,epithelial_progenitor_like,control_PRDX1,0.75,1.0,5108,1277,686,298,0.23335943617854346,0.5145772594752187,PRDX1,PRDX1 single-gene control,source_near_epithelial_progenitor,PRDX1,False
0.4306969459671104,0.3392638997650744,0.016719498935892273,0.09143304620203602,0.038461538461538464,1.0,25,396.7883566840136,ok,GSM9226184,P8_AIS,AIS,epithelial_progenitor_like,control_SPRY2,0.75,1.0,5108,1277,936,350,0.274079874706343,0.4722222222222222,SPRY2,SPRY2 single-gene control,source_near_epithelial_progenitor,SPRY2,False
0.5074393108848865,0.3972435395458105,0.011999191472732408,0.11019577133907599,0.038461538461538464,1.0,25,396.7883566840136,ok,GSM9226184,P8_AIS,AIS,epithelial_progenitor_like,control_BSG,0.75,1.0,5108,1277,1102,416,0.32576350822239625,0.4981851179673321,BSG,BSG single-gene control,source_near_epithelial_progenitor,BSG,False
0.6906042391648213,0.34845934830749764,0.008546539946188795,0.34214489085732364,0.038461538461538464,1.0,25,395.3150642209325,ok,GSM9226185,P8_LUAD,LUAD,epithelial_progenitor_like,control_MIF,0.75,1.0,12642,3161,2986,2026,0.6409364125276811,0.7009377093101139,MIF,MIF single-gene control,source_near_epithelial_progenitor,MIF,True
0.6336602341031319,0.30395444479595063,0.006323155992188132,0.32970578930718125,0.038461538461538464,1.0,25,395.3150642209325,ok,GSM9226185,P8_LUAD,LUAD,epithelial_progenitor_like,control_PRKDC,0.75,1.0,12642,3161,2560,1760,0.5567858272698513,0.70859375,PRKDC,PRKDC single-gene control,source_near_epithelial_progenitor,PRKDC,False
0.6510597912053148,0.367832964251819,0.00949616698900672,0.28322682695349577,0.038461538461538464,1.0,25,395.3150642209325,ok,GSM9226185,P8_LUAD,LUAD,epithelial_progenitor_like,control_PHACTR2,0.75,1.0,12642,3161,3161,1777,0.5621638721923442,0.5877886744701044,PHACTR2,PHACTR2 single-gene control,source_near_epithelial_progenitor,PHACTR2,False
0.579247073710851,0.2810503005378045,0.006348167011828497,0.29819677317304655,0.038461538461538464,1.0,25,395.3150642209325,ok,GSM9226185,P8_LUAD,LUAD,epithelial_progenitor_like,control_RMND5A,0.75,1.0,12642,3161,2339,1520,0.4808604871875989,0.6763574176998718,RMND5A,RMND5A single-gene control,source_near_epithelial_progenitor,RMND5A,False
0.6624485922176526,0.36202467573552677,0.009125492364331505,0.30042391648212585,0.038461538461538464,1.0,25,395.3150642209325,ok,GSM9226185,P8_LUAD,LUAD,epithelial_progenitor_like,control_CKB,0.75,1.0,12642,3161,3136,1799,0.5691236950332174,0.6042729591836735,CKB,CKB single-gene control,source_near_epithelial_progenitor,CKB,False
0.6083517874090477,0.2895033217336286,0.0073742751201941,0.31884846567541913,0.038461538461538464,1.0,25,395.3150642209325,ok,GSM9226185,P8_LUAD,LUAD,epithelial_progenitor_like,control_KIF13B,0.75,1.0,12642,3161,2413,1643,0.5197722239797532,0.7024450891007045,KIF13B,KIF13B single-gene control,source_near_epithelial_progenitor,KIF13B,False
0.6355583676051882,0.3469408415058525,0.007462751554708261,0.2886175260993357,0.038461538461538464,1.0,25,395.3150642209325,ok,GSM9226185,P8_LUAD,LUAD,epithelial_progenitor_like,control_NR2F2,0.75,1.0,12642,3161,2961,1669,0.5279974691553306,0.591354272205336,NR2F2,NR2F2 single-gene control,source_near_epithelial_progenitor,NR2F2,False
0.5865232521354002,0.36509965200885797,0.01026163109533099,0.22142360012654227,0.038461538461538464,1.0,25,395.3150642209325,ok,GSM9226185,P8_LUAD,LUAD,epithelial_progenitor_like,control_LIFR,0.75,1.0,12642,3161,3161,1598,0.505536222714331,0.5330591584941474,LIFR,LIFR single-gene control,source_near_epithelial_progenitor,LIFR,False
0.6662448592217652,0.3677950015817779,0.007025421113129124,0.2984498576399873,0.038461538461538464,1.0,25,395.3150642209325,ok,GSM9226185,P8_LUAD,LUAD,epithelial_progenitor_like,control_CITED2,0.75,1.0,12642,3161,3161,1831,0.579247073710851,0.6086681429927239,CITED2,CITED2 single-gene control,source_near_epithelial_progenitor,CITED2,False
0.683011705156596,0.3508889591901297,0.00871207896362411,0.33212274596646635,0.038461538461538464,1.0,25,395.3150642209325,ok,GSM9226185,P8_LUAD,LUAD,epithelial_progenitor_like,control_DDX46,0.75,1.0,12642,3161,2999,1946,0.6156279658335969,0.6745581860620207,DDX46,DDX46 single-gene control,source_near_epithelial_progenitor,DDX46,False
0.6788990825688074,0.35316671939259725,0.00678438299101377,0.3257323631762101,0.038461538461538464,1.0,25,395.3150642209325,ok,GSM9226185,P8_LUAD,LUAD,epithelial_progenitor_like,control_PPM1A,0.75,1.0,12642,3161,3078,1921,0.6077190762416956,0.6491228070175439,PPM1A,PPM1A single-gene control,source_near_epithelial_progenitor,PPM1A,False
0.6507434356216387,0.3084973109775388,0.0071137109644354764,0.3422461246440999,0.038461538461538464,1.0,25,395.3150642209325,ok,GSM9226185,P8_LUAD,LUAD,epithelial_progenitor_like,control_UXT,0.75,1.0,12642,3161,2590,1841,0.5824106295476115,0.7332046332046332,UXT,UXT single-gene control,source_near_epithelial_progenitor,UXT,False
0.6121480544131604,0.33018664979436885,0.0068349891045327545,0.2819614046187916,0.038461538461538464,1.0,25,395.3150642209325,ok,GSM9226185,P8_LUAD,LUAD,epithelial_progenitor_like,control_SETD3,0.75,1.0,12642,3161,2816,1641,0.5191395128124011,0.6122159090909091,SETD3,SETD3 single-gene control,source_near_epithelial_progenitor,SETD3,False
0.7244542866181588,0.3638721923441948,0.010275065074952294,0.360582094273964,0.038461538461538464,1.0,25,395.3150642209325,ok,GSM9226185,P8_LUAD,LUAD,epithelial_progenitor_like,control_TRIM27,0.75,1.0,12642,3161,3161,2143,0.6779500158177791,0.707371085099652,TRIM27,TRIM27 single-gene control,source_near_epithelial_progenitor,TRIM27,False
0.621955077507118,0.32018981335020563,0.007328327761152839,0.30176526415691235,0.038461538461538464,1.0,25,395.3150642209325,ok,GSM9226185,P8_LUAD,LUAD,epithelial_progenitor_like,control_DERL1,0.75,1.0,12642,3161,2710,1639,0.518506801645049,0.6261992619926199,DERL1,DERL1 single-gene control,source_near_epithelial_progenitor,DERL1,False
0.49414742170199305,0.34130971211641886,0.010223116060862637,0.1528377095855742,0.038461538461538464,1.0,25,395.3150642209325,ok,GSM9226185,P8_LUAD,LUAD,epithelial_progenitor_like,control_MS4A7,0.75,1.0,12642,3161,2902,1192,0.37709585574185384,0.44589937973811167,MS4A7,MS4A7 single-gene control,source_near_epithelial_progenitor,MS4A7,False
0.6491616577032585,0.3371085099652009,0.008495094864636364,0.3120531477380576,0.038461538461538464,1.0,25,395.3150642209325,ok,GSM9226185,P8_LUAD,LUAD,epithelial_progenitor_like,control_PHF10,0.75,1.0,12642,3161,2878,1794,0.567541917114837,0.6490618485059069,PHF10,PHF10 single-gene control,source_near_epithelial_progenitor,PHF10,False
0.6776336602341031,0.36217652641569126,0.008539979771278086,0.31545713381841184,0.038461538461538464,1.0,25,395.3150642209325,ok,GSM9226185,P8_LUAD,LUAD,epithelial_progenitor_like,control_RAB1B,0.75,1.0,12642,3161,3123,1861,0.5887377412211325,0.6260006404098624,RAB1B,RAB1B single-gene control,source_near_epithelial_progenitor,RAB1B,False
0.6694084150585258,0.3155077507118001,0.00968237605156282,0.3539006643467257,0.038461538461538464,1.0,25,395.3150642209325,ok,GSM9226185,P8_LUAD,LUAD,epithelial_progenitor_like,control_PRDX1,0.75,1.0,12642,3161,2695,1938,0.6130971211641886,0.7406307977736549,PRDX1,PRDX1 single-gene control,source_near_epithelial_progenitor,PRDX1,False
0.5947484973109776,0.3000695982284088,0.010324507339279755,0.2946788990825688,0.038461538461538464,1.0,25,395.3150642209325,ok,GSM9226185,P8_LUAD,LUAD,epithelial_progenitor_like,control_SPRY2,0.75,1.0,12642,3161,2521,1608,0.5086997785510914,0.657278857596192,SPRY2,SPRY2 single-gene control,source_near_epithelial_progenitor,SPRY2,False
0.6944005061689339,0.3682885162923126,0.00921045798025271,0.3261119898766213,0.038461538461538464,1.0,25,395.3150642209325,ok,GSM9226185,P8_LUAD,LUAD,epithelial_progenitor_like,control_BSG,0.75,1.0,12642,3161,3161,1993,0.6304966782663713,0.6561214805441316,BSG,BSG single-gene control,source_near_epithelial_progenitor,BSG,False
0.21712204007285973,0.20521675774134787,0.010083531623678171,0.011905282331511863,0.19230769230769232,0.8461538461538461,25,395.18097120180266,ok,GSM9226186,P9_AAH,AAH,epithelial_progenitor_like,control_MIF,0.75,1.0,10979,2745,1261,350,0.12750455373406194,0.3909595559080095,MIF,MIF single-gene control,source_near_epithelial_progenitor,MIF,True
0.28051001821493626,0.284488160291439,0.007379424984916358,-0.003978142076502711,0.6538461538461539,0.38461538461538464,25,395.18097120180266,ok,GSM9226186,P9_AAH,AAH,epithelial_progenitor_like,control_PRKDC,0.75,1.0,10979,2745,1793,479,0.1744990892531876,0.3703290574456219,PRKDC,PRKDC single-gene control,source_near_epithelial_progenitor,PRKDC,False
0.41056466302367944,0.41212386156648456,0.009870030633058191,-0.001559198542805118,0.5769230769230769,0.5384615384615384,25,395.18097120180266,ok,GSM9226186,P9_AAH,AAH,epithelial_progenitor_like,control_PHACTR2,0.75,1.0,10979,2745,2745,722,0.263023679417122,0.38397085610200365,PHACTR2,PHACTR2 single-gene control,source_near_epithelial_progenitor,PHACTR2,False
0.4051001821493625,0.39198542805100184,0.010006064276911478,0.01311475409836066,0.07692307692307693,0.9615384615384616,25,395.18097120180266,ok,GSM9226186,P9_AAH,AAH,epithelial_progenitor_like,control_RMND5A,0.75,1.0,10979,2745,2615,707,0.2575591985428051,0.3866156787762906,RMND5A,RMND5A single-gene control,source_near_epithelial_progenitor,RMND5A,False
0.29690346083788705,0.31114025500910747,0.009695594581408356,-0.014236794171220424,0.9615384615384616,0.07692307692307693,25,395.18097120180266,ok,GSM9226186,P9_AAH,AAH,epithelial_progenitor_like,control_CKB,0.75,1.0,10979,2745,1985,486,0.17704918032786884,0.35516372795969775,CKB,CKB single-gene control,source_near_epithelial_progenitor,CKB,False
0.24699453551912567,0.23353005464480872,0.00835539595891502,0.013464480874316953,0.07692307692307693,0.9615384615384616,25,395.18097120180266,ok,GSM9226186,P9_AAH,AAH,epithelial_progenitor_like,control_KIF13B,0.75,1.0,10979,2745,1433,404,0.1471766848816029,0.39846475924633634,KIF13B,KIF13B single-gene control,source_near_epithelial_progenitor,KIF13B,False
0.3832422586520947,0.41038979963570127,0.008891874442625338,-0.027147540983606555,1.0,0.038461538461538464,25,395.18097120180266,ok,GSM9226186,P9_AAH,AAH,epithelial_progenitor_like,control_NR2F2,0.75,1.0,10979,2745,2745,668,0.24335154826958105,0.34790528233151186,NR2F2,NR2F2 single-gene control,source_near_epithelial_progenitor,NR2F2,False
0.4156648451730419,0.409384335154827,0.007718119370252748,0.0062805100182149465,0.3076923076923077,0.7692307692307693,25,395.18097120180266,ok,GSM9226186,P9_AAH,AAH,epithelial_progenitor_like,control_LIFR,0.75,1.0,10979,2745,2745,772,0.28123861566484515,0.3941712204007286,LIFR,LIFR single-gene control,source_near_epithelial_progenitor,LIFR,False
0.3974499089253188,0.41203642987249545,0.009276798660624185,-0.014586520947176662,0.9230769230769231,0.11538461538461539,25,395.18097120180266,ok,GSM9226186,P9_AAH,AAH,epithelial_progenitor_like,control_CITED2,0.75,1.0,10979,2745,2745,745,0.27140255009107467,0.3817850637522769,CITED2,CITED2 single-gene control,source_near_epithelial_progenitor,CITED2,False
0.3151183970856102,0.3071329690346084,0.00626403156491721,0.007985428051001775,0.15384615384615385,0.9230769230769231,25,395.18097120180266,ok,GSM9226186,P9_AAH,AAH,epithelial_progenitor_like,control_DDX46,0.75,1.0,10979,2745,1960,546,0.1989071038251366,0.38724489795918365,DDX46,DDX46 single-gene control,source_near_epithelial_progenitor,DDX46,False
0.41238615664845174,0.4099234972677596,0.009214477592447232,0.0024626593806921226,0.38461538461538464,0.6538461538461539,25,395.18097120180266,ok,GSM9226186,P9_AAH,AAH,epithelial_progenitor_like,control_PPM1A,0.75,1.0,10979,2745,2745,745,0.27140255009107467,0.3785063752276867,PPM1A,PPM1A single-gene control,source_near_epithelial_progenitor,PPM1A,False
0.25282331511839706,0.25616029143897995,0.008035712032128866,-0.003336976320582885,0.6923076923076923,0.34615384615384615,25,395.18097120180266,ok,GSM9226186,P9_AAH,AAH,epithelial_progenitor_like,control_UXT,0.75,1.0,10979,2745,1602,415,0.151183970856102,0.37203495630461925,UXT,UXT single-gene control,source_near_epithelial_progenitor,UXT,False
0.41384335154826957,0.4148925318761385,0.007964267808438159,-0.0010491803278689371,0.5769230769230769,0.46153846153846156,25,395.18097120180266,ok,GSM9226186,P9_AAH,AAH,epithelial_progenitor_like,control_SETD3,0.75,1.0,10979,2745,2745,742,0.2703096539162113,0.38105646630236795,SETD3,SETD3 single-gene control,source_near_epithelial_progenitor,SETD3,False
0.32349726775956283,0.3138214936247723,0.008213623536569742,0.009675774134790538,0.19230769230769232,0.8461538461538461,25,395.18097120180266,ok,GSM9226186,P9_AAH,AAH,epithelial_progenitor_like,control_TRIM27,0.75,1.0,10979,2745,1995,555,0.20218579234972678,0.3954887218045113,TRIM27,TRIM27 single-gene control,source_near_epithelial_progenitor,TRIM27,False
0.3191256830601093,0.32540619307832425,0.00895888512408723,-0.0062805100182149465,0.7692307692307693,0.2692307692307692,25,395.18097120180266,ok,GSM9226186,P9_AAH,AAH,epithelial_progenitor_like,control_DERL1,0.75,1.0,10979,2745,2074,531,0.19344262295081968,0.3712632594021215,DERL1,DERL1 single-gene control,source_near_epithelial_progenitor,DERL1,False
0.30892531876138435,0.34655009107468127,0.008114353741494365,-0.03762477231329692,1.0,0.038461538461538464,25,395.18097120180266,ok,GSM9226186,P9_AAH,AAH,epithelial_progenitor_like,control_MS4A7,0.75,1.0,10979,2745,2251,529,0.19271402550091074,0.34251443802754333,MS4A7,MS4A7 single-gene control,source_near_epithelial_progenitor,MS4A7,False
0.40619307832422585,0.40094717668488156,0.011452256400450379,0.005245901639344297,0.38461538461538464,0.6538461538461539,25,395.18097120180266,ok,GSM9226186,P9_AAH,AAH,epithelial_progenitor_like,control_PHF10,0.75,1.0,10979,2745,2670,732,0.26666666666666666,0.38764044943820225,PHF10,PHF10 single-gene control,source_near_epithelial_progenitor,PHF10,False
0.37632058287795994,0.37382877959927135,0.010465628822637386,0.002491803278688587,0.4230769230769231,0.6153846153846154,25,395.18097120180266,ok,GSM9226186,P9_AAH,AAH,epithelial_progenitor_like,control_RAB1B,0.75,1.0,10979,2745,2443,676,0.24626593806921676,0.38968481375358166,RAB1B,RAB1B single-gene control,source_near_epithelial_progenitor,RAB1B,False
0.23060109289617486,0.22944990892531877,0.0074937584830976935,0.00115118397085609,0.46153846153846156,0.5769230769230769,25,395.18097120180266,ok,GSM9226186,P9_AAH,AAH,epithelial_progenitor_like,control_PRDX1,0.75,1.0,10979,2745,1412,385,0.14025500910746813,0.38172804532577903,PRDX1,PRDX1 single-gene control,source_near_epithelial_progenitor,PRDX1,False
0.2790528233151184,0.2781493624772313,0.008634417758557698,0.0009034608378870601,0.4230769230769231,0.6153846153846154,25,395.18097120180266,ok,GSM9226186,P9_AAH,AAH,epithelial_progenitor_like,control_SPRY2,0.75,1.0,10979,2745,1760,477,0.1737704918032787,0.36704545454545456,SPRY2,SPRY2 single-gene control,source_near_epithelial_progenitor,SPRY2,False
0.2597449908925319,0.25872495446265936,0.009381428988811853,0.0010200364298725284,0.4230769230769231,0.6153846153846154,25,395.18097120180266,ok,GSM9226186,P9_AAH,AAH,epithelial_progenitor_like,control_BSG,0.75,1.0,10979,2745,1606,415,0.151183970856102,0.3698630136986301,BSG,BSG single-gene control,source_near_epithelial_progenitor,BSG,False
0.3021400072542619,0.2963220892274211,0.009883227433724584,0.005817918026840785,0.3076923076923077,0.7692307692307693,25,395.42508772206145,ok,GSM9226187,P9_AIS,AIS,epithelial_progenitor_like,control_MIF,0.75,1.0,11029,2757,1549,453,0.16430903155603918,0.43511943189154295,MIF,MIF single-gene control,source_near_epithelial_progenitor,MIF,True
0.3939064200217628,0.406006528835691,0.011041362314118942,-0.012100108813928201,0.8846153846153846,0.19230769230769232,25,395.42508772206145,ok,GSM9226187,P9_AIS,AIS,epithelial_progenitor_like,control_PRKDC,0.75,1.0,11029,2757,2237,632,0.2292346753717809,0.42914617791685294,PRKDC,PRKDC single-gene control,source_near_epithelial_progenitor,PRKDC,False
0.5074356184258252,0.4847878128400436,0.011397639770316105,0.02264780558578161,0.038461538461538464,1.0,25,395.42508772206145,ok,GSM9226187,P9_AIS,AIS,epithelial_progenitor_like,control_PHACTR2,0.75,1.0,11029,2757,2757,813,0.29488574537540807,0.4588320638375045,PHACTR2,PHACTR2 single-gene control,source_near_epithelial_progenitor,PHACTR2,False
0.4769677185346391,0.4868190061661226,0.008671473101445278,-0.009851287631483518,0.9230769230769231,0.11538461538461539,25,395.42508772206145,ok,GSM9226187,P9_AIS,AIS,epithelial_progenitor_like,control_RMND5A,0.75,1.0,11029,2757,2757,810,0.29379760609357997,0.4472252448313384,RMND5A,RMND5A single-gene control,source_near_epithelial_progenitor,RMND5A,False
0.45012694958287996,0.44264055132390284,0.010508189166286106,0.007486398258977123,0.23076923076923078,0.8461538461538461,25,395.42508772206145,ok,GSM9226187,P9_AIS,AIS,epithelial_progenitor_like,control_CKB,0.75,1.0,11029,2757,2439,752,0.2727602466449039,0.45920459204592046,CKB,CKB single-gene control,source_near_epithelial_progenitor,CKB,False
0.3333333333333333,0.33916575988393177,0.008356136154571014,-0.005832426550598457,0.7692307692307693,0.3076923076923077,25,395.42508772206145,ok,GSM9226187,P9_AIS,AIS,epithelial_progenitor_like,control_KIF13B,0.75,1.0,11029,2757,1807,515,0.18679724338048603,0.42280022136137246,KIF13B,KIF13B single-gene control,source_near_epithelial_progenitor,KIF13B,False
0.49147624229234677,0.48462821907870873,0.011127136814189231,0.006848023213638033,0.3076923076923077,0.7692307692307693,25,395.42508772206145,ok,GSM9226187,P9_AIS,AIS,epithelial_progenitor_like,control_NR2F2,0.75,1.0,11029,2757,2757,784,0.28436706565107,0.44214726151614075,NR2F2,NR2F2 single-gene control,source_near_epithelial_progenitor,NR2F2,False
0.49474066013783097,0.48243743199129485,0.008378410768230163,0.012303228146536116,0.11538461538461539,0.9230769230769231,25,395.42508772206145,ok,GSM9226187,P9_AIS,AIS,epithelial_progenitor_like,control_LIFR,0.75,1.0,11029,2757,2757,821,0.29778745012694957,0.47043888284367064,LIFR,LIFR single-gene control,source_near_epithelial_progenitor,LIFR,False
0.45665578527384837,0.4402756619513965,0.011358905539303703,0.016380123322451867,0.11538461538461539,0.9230769230769231,25,395.42508772206145,ok,GSM9226187,P9_AIS,AIS,epithelial_progenitor_like,control_CITED2,0.75,1.0,11029,2757,2482,733,0.26586869785999273,0.46011281224818695,CITED2,CITED2 single-gene control,source_near_epithelial_progenitor,CITED2,False
0.4102285092491839,0.43377584330794333,0.006894666139782197,-0.023547334058759417,1.0,0.038461538461538464,25,395.42508772206145,ok,GSM9226187,P9_AIS,AIS,epithelial_progenitor_like,control_DDX46,0.75,1.0,11029,2757,2387,665,0.24120420747188973,0.4210305823209049,DDX46,DDX46 single-gene control,source_near_epithelial_progenitor,DDX46,False
0.5045339136742837,0.48663039535727237,0.008749634272942208,0.017903518317011313,0.038461538461538464,1.0,25,395.42508772206145,ok,GSM9226187,P9_AIS,AIS,epithelial_progenitor_like,control_PPM1A,0.75,1.0,11029,2757,2757,831,0.3014145810663765,0.45012694958287996,PPM1A,PPM1A single-gene control,source_near_epithelial_progenitor,PPM1A,False
0.3761334784185709,0.3810228509249184,0.009506451173826678,-0.004889372506347467,0.7692307692307693,0.2692307692307692,25,395.42508772206145,ok,GSM9226187,P9_AIS,AIS,epithelial_progenitor_like,control_UXT,0.75,1.0,11029,2757,2036,600,0.2176278563656148,0.43222003929273084,UXT,UXT single-gene control,source_near_epithelial_progenitor,UXT,False
0.49038810301051866,0.4832499093217265,0.008624592324038257,0.007138193688792149,0.19230769230769232,0.8846153846153846,25,395.42508772206145,ok,GSM9226187,P9_AIS,AIS,epithelial_progenitor_like,control_SETD3,0.75,1.0,11029,2757,2757,797,0.289082335872325,0.45266594124047876,SETD3,SETD3 single-gene control,source_near_epithelial_progenitor,SETD3,False
0.4229234675371781,0.43582154515778015,0.010668780902128864,-0.012898077620602078,0.8846153846153846,0.15384615384615385,25,395.42508772206145,ok,GSM9226187,P9_AIS,AIS,epithelial_progenitor_like,control_TRIM27,0.75,1.0,11029,2757,2415,675,0.24483133841131666,0.4380952380952381,TRIM27,TRIM27 single-gene control,source_near_epithelial_progenitor,TRIM27,False
0.40841494377947046,0.4199347116430904,0.008734836214424816,-0.011519767863619912,0.9230769230769231,0.11538461538461539,25,395.42508772206145,ok,GSM9226187,P9_AIS,AIS,epithelial_progenitor_like,control_DERL1,0.75,1.0,11029,2757,2313,666,0.24156692056583243,0.4310419368785128,DERL1,DERL1 single-gene control,source_near_epithelial_progenitor,DERL1,False
0.3264417845484222,0.3584040623866521,0.010202451607486625,-0.03196227783822991,1.0,0.038461538461538464,25,395.42508772206145,ok,GSM9226187,P9_AIS,AIS,epithelial_progenitor_like,control_MS4A7,0.75,1.0,11029,2757,1927,482,0.17482771128037722,0.40321743642968344,MS4A7,MS4A7 single-gene control,source_near_epithelial_progenitor,MS4A7,False
0.48639825897714906,0.48472977874501266,0.009455502059471538,0.0016684802321363934,0.5,0.5769230769230769,25,395.42508772206145,ok,GSM9226187,P9_AIS,AIS,epithelial_progenitor_like,control_PHF10,0.75,1.0,11029,2757,2757,785,0.2847297787450127,0.43706927820094305,PHF10,PHF10 single-gene control,source_near_epithelial_progenitor,PHF10,False
0.48676097207109176,0.4886470801595938,0.007843889050082741,-0.0018861080885020365,0.6923076923076923,0.34615384615384615,25,395.42508772206145,ok,GSM9226187,P9_AIS,AIS,epithelial_progenitor_like,control_RAB1B,0.75,1.0,11029,2757,2757,804,0.2916213275299238,0.44976423648893726,RAB1B,RAB1B single-gene control,source_near_epithelial_progenitor,RAB1B,False
0.35437069278200944,0.33545157780195856,0.008195015207458712,0.01891911498005089,0.07692307692307693,0.9615384615384616,25,395.42508772206145,ok,GSM9226187,P9_AIS,AIS,epithelial_progenitor_like,control_PRDX1,0.75,1.0,11029,2757,1780,536,0.19441421835328254,0.451123595505618,PRDX1,PRDX1 single-gene control,source_near_epithelial_progenitor,PRDX1,False
0.39970982952484585,0.3955168661588683,0.007987982192199797,0.004192963365977576,0.4230769230769231,0.6153846153846154,25,395.42508772206145,ok,GSM9226187,P9_AIS,AIS,epithelial_progenitor_like,control_SPRY2,0.75,1.0,11029,2757,2170,635,0.230322814653609,0.44516129032258067,SPRY2,SPRY2 single-gene control,source_near_epithelial_progenitor,SPRY2,False
0.343126586869786,0.35825897714907506,0.007886765099782101,-0.015132390279289087,1.0,0.038461538461538464,25,395.42508772206145,ok,GSM9226187,P9_AIS,AIS,epithelial_progenitor_like,control_BSG,0.75,1.0,11029,2757,1909,538,0.19513964454116794,0.42168674698795183,BSG,BSG single-gene control,source_near_epithelial_progenitor,BSG,False
0.36477572559366755,0.21149076517150395,0.008637488561486217,0.1532849604221636,0.038461538461538464,1.0,25,395.32391781929914,ok,GSM9226188,P9_LUAD,LUAD,epithelial_progenitor_like,control_MIF,0.75,1.0,12127,3032,1518,783,0.25824538258575197,0.5652173913043478,MIF,MIF single-gene control,source_near_epithelial_progenitor,MIF,True
0.5656332453825857,0.3946701846965699,0.008632554610960196,0.17096306068601586,0.038461538461538464,1.0,25,395.32391781929914,ok,GSM9226188,P9_LUAD,LUAD,epithelial_progenitor_like,control_PRKDC,0.75,1.0,12127,3032,3032,1322,0.43601583113456466,0.495712401055409,PRKDC,PRKDC single-gene control,source_near_epithelial_progenitor,PRKDC,False
0.5260554089709762,0.39010554089709765,0.010065222425898497,0.1359498680738786,0.038461538461538464,1.0,25,395.32391781929914,ok,GSM9226188,P9_LUAD,LUAD,epithelial_progenitor_like,control_PHACTR2,0.75,1.0,12127,3032,3032,1158,0.38192612137203164,0.4495382585751979,PHACTR2,PHACTR2 single-gene control,source_near_epithelial_progenitor,PHACTR2,False
0.579155672823219,0.393311345646438,0.008718360463816898,0.185844327176781,0.038461538461538464,1.0,25,395.32391781929914,ok,GSM9226188,P9_LUAD,LUAD,epithelial_progenitor_like,control_RMND5A,0.75,1.0,12127,3032,3032,1360,0.44854881266490765,0.5118733509234829,RMND5A,RMND5A single-gene control,source_near_epithelial_progenitor,RMND5A,False
0.5910290237467019,0.39510554089709765,0.009731638194302238,0.1959234828496042,0.038461538461538464,1.0,25,395.32391781929914,ok,GSM9226188,P9_LUAD,LUAD,epithelial_progenitor_like,control_CKB,0.75,1.0,12127,3032,3032,1538,0.5072559366754618,0.5557387862796834,CKB,CKB single-gene control,source_near_epithelial_progenitor,CKB,False
0.5112137203166227,0.36696569920844335,0.009075855578147633,0.14424802110817936,0.038461538461538464,1.0,25,395.32391781929914,ok,GSM9226188,P9_LUAD,LUAD,epithelial_progenitor_like,control_KIF13B,0.75,1.0,12127,3032,2803,1141,0.37631926121372034,0.4773457010346058,KIF13B,KIF13B single-gene control,source_near_epithelial_progenitor,KIF13B,False
0.49967018469656993,0.3937598944591029,0.008875096330941672,0.10591029023746701,0.038461538461538464,1.0,25,395.32391781929914,ok,GSM9226188,P9_LUAD,LUAD,epithelial_progenitor_like,control_NR2F2,0.75,1.0,12127,3032,3032,1102,0.3634564643799472,0.4277704485488127,NR2F2,NR2F2 single-gene control,source_near_epithelial_progenitor,NR2F2,False
0.4145778364116095,0.3916358839050132,0.008098448948543557,0.022941952506596308,0.038461538461538464,1.0,25,395.32391781929914,ok,GSM9226188,P9_LUAD,LUAD,epithelial_progenitor_like,control_LIFR,0.75,1.0,12127,3032,3032,906,0.29881266490765174,0.37467018469656993,LIFR,LIFR single-gene control,source_near_epithelial_progenitor,LIFR,False
0.5468337730870713,0.39018469656992083,0.0083015239114875,0.15664907651715043,0.038461538461538464,1.0,25,395.32391781929914,ok,GSM9226188,P9_LUAD,LUAD,epithelial_progenitor_like,control_CITED2,0.75,1.0,12127,3032,3032,1252,0.4129287598944591,0.4762532981530343,CITED2,CITED2 single-gene control,source_near_epithelial_progenitor,CITED2,False
0.5725593667546174,0.38915567282321895,0.009023789294853373,0.18340369393139844,0.038461538461538464,1.0,25,395.32391781929914,ok,GSM9226188,P9_LUAD,LUAD,epithelial_progenitor_like,control_DDX46,0.75,1.0,12127,3032,3032,1378,0.4544854881266491,0.5052770448548812,DDX46,DDX46 single-gene control,source_near_epithelial_progenitor,DDX46,False
0.5676121372031663,0.39378627968337726,0.00913588390501319,0.17382585751978902,0.038461538461538464,1.0,25,395.32391781929914,ok,GSM9226188,P9_LUAD,LUAD,epithelial_progenitor_like,control_PPM1A,0.75,1.0,12127,3032,3032,1319,0.4350263852242744,0.4937335092348285,PPM1A,PPM1A single-gene control,source_near_epithelial_progenitor,PPM1A,False
0.5939973614775725,0.3936279683377309,0.010161630373045587,0.20036939313984165,0.038461538461538464,1.0,25,395.32391781929914,ok,GSM9226188,P9_LUAD,LUAD,epithelial_progenitor_like,control_UXT,0.75,1.0,12127,3032,3032,1412,0.4656992084432718,0.5277044854881267,UXT,UXT single-gene control,source_near_epithelial_progenitor,UXT,False
0.525065963060686,0.3922691292875989,0.010041725090134375,0.1327968337730871,0.038461538461538464,1.0,25,395.32391781929914,ok,GSM9226188,P9_LUAD,LUAD,epithelial_progenitor_like,control_SETD3,0.75,1.0,12127,3032,3032,1188,0.391820580474934,0.45910290237467016,SETD3,SETD3 single-gene control,source_near_epithelial_progenitor,SETD3,False
0.5808047493403694,0.3923218997361478,0.008209641092777779,0.18848284960422163,0.038461538461538464,1.0,25,395.32391781929914,ok,GSM9226188,P9_LUAD,LUAD,epithelial_progenitor_like,control_TRIM27,0.75,1.0,12127,3032,3032,1367,0.4508575197889182,0.5135224274406333,TRIM27,TRIM27 single-gene control,source_near_epithelial_progenitor,TRIM27,False
0.5507915567282322,0.39221635883905015,0.009090386281569532,0.15857519788918206,0.038461538461538464,1.0,25,395.32391781929914,ok,GSM9226188,P9_LUAD,LUAD,epithelial_progenitor_like,control_DERL1,0.75,1.0,12127,3032,3032,1302,0.42941952506596304,0.4891160949868074,DERL1,DERL1 single-gene control,source_near_epithelial_progenitor,DERL1,False
0.44063324538258575,0.3905145118733509,0.009373894023730718,0.05011873350923485,0.038461538461538464,1.0,25,395.32391781929914,ok,GSM9226188,P9_LUAD,LUAD,epithelial_progenitor_like,control_MS4A7,0.75,1.0,12127,3032,3032,919,0.30310026385224276,0.3796174142480211,MS4A7,MS4A7 single-gene control,source_near_epithelial_progenitor,MS4A7,False
0.5639841688654353,0.3912796833773087,0.007703076302434798,0.17270448548812667,0.038461538461538464,1.0,25,395.32391781929914,ok,GSM9226188,P9_LUAD,LUAD,epithelial_progenitor_like,control_PHF10,0.75,1.0,12127,3032,3032,1330,0.4386543535620053,0.5029683377308707,PHF10,PHF10 single-gene control,source_near_epithelial_progenitor,PHF10,False
0.5814643799472295,0.38989445910290244,0.007158891690075127,0.1915699208443271,0.038461538461538464,1.0,25,395.32391781929914,ok,GSM9226188,P9_LUAD,LUAD,epithelial_progenitor_like,control_RAB1B,0.75,1.0,12127,3032,3032,1360,0.44854881266490765,0.5128627968337731,RAB1B,RAB1B single-gene control,source_near_epithelial_progenitor,RAB1B,False
0.375,0.20191292875989447,0.00754140799784353,0.17308707124010553,0.038461538461538464,1.0,25,395.32391781929914,ok,GSM9226188,P9_LUAD,LUAD,epithelial_progenitor_like,control_PRDX1,0.75,1.0,12127,3032,1447,843,0.2780343007915567,0.6281962681409814,PRDX1,PRDX1 single-gene control,source_near_epithelial_progenitor,PRDX1,False
0.5023087071240105,0.39209762532981535,0.010399071809985155,0.1102110817941952,0.038461538461538464,1.0,25,395.32391781929914,ok,GSM9226188,P9_LUAD,LUAD,epithelial_progenitor_like,control_SPRY2,0.75,1.0,12127,3032,3032,1121,0.3697229551451187,0.4313984168865435,SPRY2,SPRY2 single-gene control,source_near_epithelial_progenitor,SPRY2,False
0.5804749340369393,0.3919393139841688,0.010359858660730324,0.18853562005277047,0.038461538461538464,1.0,25,395.32391781929914,ok,GSM9226188,P9_LUAD,LUAD,epithelial_progenitor_like,control_BSG,0.75,1.0,12127,3032,3032,1393,0.4594327176781003,0.5174802110817942,BSG,BSG single-gene control,source_near_epithelial_progenitor,BSG,False
